1	0.3745
10	2.8728
100	0.3292
1000	0.5115
1001	0.5115
1002	0.37
1003	0.3467
1004	0.5717
1005	0.3467
1006	0.422
1007	0.4167
1008	0.37
1009	0.4083
101	0.3292
1010	0.3583
1011	0.3583
1012	0.45
1013	0.4467
1014	0.4467
1015	0.475
1016	0.4705
1017	0.4705
1018	0.4083
1019	0.4167
102	0.4796
1020	1.1275
1021	7.3878
1022	0.3318
1023	0.3737
1024	0.3389
1025	0.3771
1026	0.3771
1027	1.0
1028	0.35
1029	0.3389
103	0.3292
1030	0.35
1031	0.85
1032	0.35
1033	0.35
1034	1.0
1035	0.5036
1036	0.5059
1037	0.5036
1038	0.6683
1039	1.0
104	0.3292
1040	1.0
1041	1.0
1042	1.0
1043	1.0
1044	1.0
1045	1.0
1046	1.0
1047	1.0
1048	1.0
1049	1.0
105	0.3292
1050	1.0
1051	1.0
1052	1.0
1053	1.0
1054	1.0
1055	1.0
1056	1.0
1057	1.0
1058	1.0
1059	1.0
106	2.4923
1060	1.0
1061	1.0
1062	1.0
1063	1.0
1064	1.0
1065	1.0
1066	0.3226
1067	0.3226
1068	0.3226
1069	0.3226
107	0.7395
1070	0.3226
1071	0.3226
1072	0.3226
1073	0.3226
1074	0.3226
1075	0.3226
1076	0.3226
1077	0.3226
1078	0.3226
1079	0.3226
108	0.3729
1080	0.3226
1081	0.3226
1082	0.3226
1083	0.3226
1084	0.3226
1085	0.3226
1086	0.3226
1087	0.3226
1088	0.3226
1089	0.3226
109	0.3542
1090	0.3226
1091	0.3226
1092	0.3226
1093	0.3226
1094	0.3226
1095	0.3226
1096	0.3226
1097	0.3318
1098	0.3292
1099	0.3292
11	0.3292
110	0.3542
1100	0.65
1101	3.94
1102	0.3091
1103	0.3091
1104	0.3091
1105	0.3091
1106	0.3091
1107	0.3091
1108	0.3091
1109	0.3091
111	1.0167
1110	0.3091
1111	0.3091
1112	0.3091
1113	0.3091
1114	0.3091
1115	0.3091
1116	0.3091
1117	0.3091
1118	0.3091
1119	0.3091
112	1.4854
1120	0.3091
1121	0.3091
1122	0.3091
1123	0.3091
1124	0.3091
1125	0.3091
1126	0.3091
1127	0.3091
1128	0.3091
1129	0.3091
113	0.4639
1130	0.3091
1131	0.3091
1132	0.3091
1133	0.3091
1134	0.3091
1135	0.3091
1136	0.3091
1137	0.3091
1138	0.3091
1139	0.3091
114	0.3581
1140	0.3091
1141	0.3091
1142	0.3091
1143	0.3091
1144	0.3091
1145	0.3091
1146	0.3091
1147	0.3091
1148	0.3091
1149	0.3091
115	0.8768
1150	0.3091
1151	0.3091
1152	0.3091
1153	0.3091
1154	0.3091
1155	0.3091
1156	0.3091
1157	0.3091
1158	0.3091
1159	0.3269
116	0.7331
1160	0.4953
1161	0.5342
1162	0.4684
1163	0.4661
1164	0.4953
1165	0.6399
1166	0.4953
1167	0.4953
1168	0.3269
1169	0.3269
117	0.4339
1170	0.3368
1171	0.3368
1172	0.3368
1173	0.3368
1174	0.3368
1175	0.3368
1176	0.3368
1177	0.39
1178	0.65
1179	0.51
118	1.5087
1180	0.51
1181	0.37
1182	0.37
1183	0.37
1184	0.37
1185	0.37
1186	0.37
1187	0.3955
1188	0.4048
1189	0.4048
119	2.6247
1190	0.3955
1191	1.35
1192	1.35
1193	0.35
1194	0.3741
1195	0.4083
1196	0.325
1197	0.325
1198	0.3233
1199	0.65
12	0.7492
120	1.5865
1200	0.3426
1201	0.3426
1202	0.6926
1203	0.3426
1204	0.3426
1205	0.3426
1206	0.3426
1207	0.3681
1208	0.4373
1209	0.414
121	1.4368
1210	0.3447
1211	0.3432
1212	0.3432
1213	5.1417
1214	0.3538
1215	0.475
1216	0.825
1217	0.475
1218	0.475
1219	0.3292
122	1.5865
1220	0.3292
1221	0.4167
1222	0.4167
1223	0.4167
1224	0.4167
1225	0.3269
1226	0.3269
1227	0.3318
1228	0.3318
1229	0.3318
123	1.8987
1230	0.3318
1231	0.3318
1232	0.3318
1233	0.3318
1234	0.3149
1235	0.3149
1236	0.3149
1237	0.3149
1238	0.3149
1239	0.3149
124	1.5741
1240	0.3149
1241	0.3149
1242	0.3149
1243	0.3149
1244	0.3149
1245	0.3149
1246	0.3149
1247	0.3149
1248	0.3149
1249	0.3149
125	1.578
1250	0.3149
1251	0.3149
1252	0.3561
1253	0.3149
1254	0.3561
1255	0.3149
1256	0.3149
1257	0.3149
1258	0.3149
1259	0.3149
126	1.7
1260	0.3149
1261	0.3149
1262	0.3149
1263	0.3149
1264	0.3149
1265	0.3561
1266	0.3149
1267	0.3149
1268	0.3149
1269	0.328
127	0.4704
1270	0.328
1271	0.328
1272	0.328
1273	0.328
1274	0.328
1275	0.328
1276	0.328
1277	0.328
1278	0.328
1279	0.335
128	0.4704
1280	0.335
1281	0.335
1282	0.335
1283	0.335
1284	0.3538
1285	0.3818
1286	0.3808
1287	0.4392
1288	0.3438
1289	0.3438
129	0.4451
1290	0.3438
1291	0.3583
1292	0.3389
1293	0.65
1294	0.65
1295	0.5
1296	0.5
1297	0.3292
1298	0.3292
1299	0.3292
13	0.3561
130	0.4082
1300	0.3318
1301	0.3412
1302	0.3412
1303	0.3412
1304	0.3412
1305	0.3292
1306	0.3292
1307	0.3292
1308	0.35
1309	0.3609
131	0.3304
1310	0.475
1311	0.3368
1312	0.335
1313	0.3292
1314	0.3292
1315	0.3292
1316	0.3292
1317	0.3292
1318	0.3292
1319	0.3292
132	10.2875
1320	0.3292
1321	0.3292
1322	0.3292
1323	0.3292
1324	0.3241
1325	0.3241
1326	0.3241
1327	0.3241
1328	0.3241
1329	0.3241
133	0.3875
1330	0.3241
1331	0.3241
1332	0.3241
1333	0.3241
1334	0.3241
1335	0.3241
1336	0.3241
1337	0.3241
1338	0.3241
1339	0.3241
134	0.3438
1340	0.35
1341	0.35
1342	0.44
1343	0.44
1344	0.3467
1345	0.475
1346	0.3233
1347	0.3233
1348	0.3233
1349	0.3233
135	0.4375
1350	0.3233
1351	0.3233
1352	0.3233
1353	0.3233
1354	0.3233
1355	0.3233
1356	0.3233
1357	0.3233
1358	0.3233
1359	0.3233
136	0.5342
1360	0.3233
1361	0.3233
1362	0.5333
1363	0.65
1364	0.65
1365	0.3957
1366	0.3241
1367	0.3546
1368	0.3546
1369	0.3546
137	0.6371
1370	10.2245
1371	3.6833
1372	1.0
1373	0.5333
1374	1.0
1375	1.0
1376	0.65
1377	0.65
1378	0.5094
1379	18.0412
138	1.7108
1380	0.4556
1381	0.7984
1382	0.3875
1383	0.3875
1384	0.3875
1385	0.3875
1386	0.3875
1387	0.3875
1388	0.3875
1389	0.3875
139	0.3757
1390	0.45
1391	0.7164
1392	0.3824
1393	0.3824
1394	0.3824
1395	0.3824
1396	0.5105
1397	0.5105
1398	0.6855
1399	0.5105
14	1.2019
140	0.4131
1400	0.5105
1401	0.5105
1402	0.35
1403	0.45
1404	0.44
1405	0.44
1406	0.3467
1407	0.3467
1408	0.65
1409	0.3438
141	0.3258
1410	0.3438
1411	0.3438
1412	0.3438
1413	0.3438
1414	0.3438
1415	0.3438
1416	0.4715
1417	0.6938
1418	0.3438
1419	0.6815
142	0.3747
1420	0.6815
1421	0.3438
1422	0.6775
1423	0.6775
1424	0.7475
1425	1.4475
1426	1.0475
1427	0.8641
1428	0.7475
1429	0.7475
143	0.7633
1430	0.6936
1431	0.6775
1432	0.6775
1433	1.0
1434	1.0
1435	1.0
1436	1.0
1437	1.0
1438	0.44
1439	0.44
144	0.6081
1440	0.3538
1441	1.0
1442	0.3636
1443	2.1913
1444	0.3538
1445	0.3389
1446	0.3241
1447	0.3241
1448	0.3241
1449	0.3241
145	0.7104
1450	0.3241
1451	0.3241
1452	0.3241
1453	0.3241
1454	0.3241
1455	0.3241
1456	0.3241
1457	0.3952
1458	0.3412
1459	0.3583
146	0.3258
1460	0.3868
1461	0.5742
1462	0.5713
1463	0.5742
1464	0.5713
1465	0.5713
1466	0.5742
1467	3.1412
1468	0.3412
1469	0.35
147	0.3258
1470	0.35
1471	0.35
1472	0.3538
1473	0.3318
1474	0.3318
1475	0.3318
1476	0.3318
1477	0.3318
1478	0.3318
1479	0.3318
148	3.1653
1480	0.3318
1481	0.3318
1482	0.3318
1483	0.3412
1484	0.3412
1485	0.3412
1486	0.3412
1487	0.7083
1488	0.475
1489	0.7083
149	0.4545
1490	0.475
1491	0.44
1492	0.44
1493	0.4225
1494	0.5625
1495	0.335
1496	0.335
1497	0.335
1498	0.335
1499	0.4225
15	0.8694
150	0.7156
1500	0.335
1501	0.335
1502	0.5683
1503	0.5683
1504	0.335
1505	0.4225
1506	0.5683
1507	1.7
1508	0.3875
1509	0.6279
151	0.762
1510	0.6279
1511	0.6279
1512	0.6279
1513	0.6279
1514	0.6279
1515	0.6279
1516	0.6279
1517	0.3778
1518	0.5333
1519	0.5667
152	0.3552
1520	0.3538
1521	0.3538
1522	0.3538
1523	0.3538
1524	0.3538
1525	0.3538
1526	0.3538
1527	0.71
1528	0.71
1529	0.6225
153	0.6496
1530	0.535
1531	0.4175
1532	0.3538
1533	0.8268
1534	0.3318
1535	0.3667
1536	0.3667
1537	0.3304
1538	0.44
1539	1.35
154	0.4033
1540	1.0
1541	0.93
1542	0.44
1543	0.3412
1544	0.3233
1545	0.3269
1546	0.3269
1547	0.3269
1548	0.3269
1549	0.3269
155	0.931
1550	0.3269
1551	1.0233
1552	0.3226
1553	0.3333
1554	0.3333
1555	0.3333
1556	0.3333
1557	0.3333
1558	0.3333
1559	0.3333
156	0.5038
1560	0.3333
1561	0.44
1562	0.44
1563	0.44
1564	0.4
1565	0.35
1566	0.32
1567	0.32
1568	0.32
1569	0.32
157	0.9619
1570	0.32
1571	0.32
1572	0.32
1573	0.32
1574	0.32
1575	0.32
1576	0.32
1577	0.32
1578	0.32
1579	0.32
158	2.4911
1580	0.32
1581	0.32
1582	0.32
1583	0.32
1584	0.32
1585	0.32
1586	0.32
1587	0.32
1588	0.32
1589	0.6298
159	0.9619
1590	0.3412
1591	0.3412
1592	0.3318
1593	0.3318
1594	0.3318
1595	0.3318
1596	0.3318
1597	0.3318
1598	0.3318
1599	0.3318
16	0.9317
160	1.8156
1600	0.3318
1601	0.3318
1602	0.44
1603	0.44
1604	0.44
1605	0.44
1606	0.44
1607	0.8133
1608	0.3538
1609	0.3538
161	1.1606
1610	0.3538
1611	0.3538
1612	0.3538
1613	0.3538
1614	0.44
1615	0.44
1616	0.44
1617	0.44
1618	0.44
1619	0.3304
162	0.9619
1620	0.3636
1621	0.3467
1622	0.3467
1623	0.3467
1624	0.3467
1625	0.3467
1626	0.3389
1627	0.3389
1628	0.3389
1629	0.3389
163	0.931
1630	0.3389
1631	0.3389
1632	0.3389
1633	0.3389
1634	0.6889
1635	0.3389
1636	0.3389
1637	0.3389
1638	0.3389
1639	0.3269
164	1.1321
1640	0.4953
1641	0.4953
1642	0.4684
1643	0.4661
1644	0.4953
1645	0.6399
1646	0.4953
1647	0.4953
1648	0.3269
1649	0.3269
165	0.931
1650	0.3368
1651	0.3368
1652	0.3368
1653	0.3368
1654	0.3368
1655	0.3368
1656	0.3368
1657	0.37
1658	0.37
1659	0.37
166	1.1586
1660	0.37
1661	0.37
1662	0.37
1663	0.37
1664	0.37
1665	0.475
1666	0.825
1667	0.475
1668	0.475
1669	0.37
167	0.931
1670	0.37
1671	0.72
1672	0.37
1673	0.37
1674	0.37
1675	0.37
1676	0.37
1677	0.37
1678	7.8211
1679	0.3933
168	0.6636
1680	0.3778
1681	0.3538
1682	0.3538
1683	0.8863
1684	0.3538
1685	0.3538
1686	0.3538
1687	0.3412
1688	0.7109
1689	0.3412
169	0.6636
1690	0.3412
1691	0.3412
1692	0.3412
1693	0.3412
1694	0.3412
1695	0.3412
1696	0.3538
1697	0.3538
1698	0.3538
1699	0.3538
17	0.366
170	0.6636
1700	0.3467
1701	0.3467
1702	0.3467
1703	0.3467
1704	0.3467
1705	0.3467
1706	0.35
1707	0.3538
1708	0.3538
1709	0.3538
171	0.6659
1710	0.3538
1711	0.3538
1712	0.3538
1713	0.3538
1714	0.3538
1715	0.3538
1716	0.3538
1717	0.3538
1718	0.3538
1719	0.3538
172	0.6636
1720	0.3538
1721	0.3538
1722	0.3538
1723	0.32
1724	0.32
1725	0.32
1726	0.32
1727	0.32
1728	0.32
1729	0.32
173	0.6185
1730	0.32
1731	0.32
1732	0.32
1733	0.32
1734	0.32
1735	0.32
1736	0.32
1737	0.3538
1738	0.3538
1739	0.3538
174	3.1369
1740	0.3538
1741	0.32
1742	0.32
1743	0.32
1744	0.32
1745	0.32
1746	0.32
1747	0.32
1748	0.32
1749	0.32
175	3.3117
1750	0.3318
1751	0.3318
1752	0.3318
1753	0.3318
1754	0.3318
1755	0.3318
1756	0.3318
1757	0.3318
1758	0.3318
1759	0.3318
176	3.1523
1760	0.475
1761	0.615
1762	0.615
1763	0.615
1764	0.58
1765	0.58
1766	0.3389
1767	0.3389
1768	0.3389
1769	0.3389
177	3.1663
1770	0.3389
1771	0.3389
1772	0.3318
1773	0.3318
1774	0.3318
1775	0.3318
1776	0.3318
1777	0.3318
1778	0.3318
1779	0.3318
178	0.3292
1780	0.3318
1781	0.3318
1782	0.3304
1783	0.3304
1784	0.3304
1785	0.3304
1786	0.3304
1787	0.3304
1788	0.3304
1789	0.3804
179	1.2082
1790	0.3804
1791	0.3368
1792	0.3368
1793	0.3368
1794	0.3368
1795	0.3368
1796	0.3368
1797	0.3368
1798	0.3412
1799	0.3412
18	2.0153
180	0.6187
1800	0.3412
1801	0.3412
1802	0.3412
1803	0.3412
1804	0.3412
1805	0.3412
1806	0.3412
1807	0.3412
1808	0.3412
1809	0.3412
181	0.6154
1810	0.3412
1811	0.3412
1812	0.3412
1813	0.3412
1814	0.3412
1815	0.3538
1816	0.3538
1817	0.35
1818	1.0
1819	0.5333
182	0.4965
1820	0.5333
1821	0.8833
1822	0.5333
1823	0.3438
1824	0.3438
1825	0.3438
1826	0.3438
1827	0.3438
1828	0.3438
1829	0.3438
183	0.5687
1830	0.4715
1831	0.6938
1832	0.3438
1833	0.6815
1834	0.6815
1835	0.3438
1836	1.7
1837	1.0
1838	0.6967
1839	0.4342
184	0.7373
1840	0.4342
1841	0.3817
1842	0.3467
1843	0.3467
1844	0.3467
1845	0.3467
1846	0.3467
1847	0.3467
1848	0.3467
1849	0.4225
185	0.5687
1850	0.4225
1851	0.5625
1852	0.4225
1853	0.3875
1854	0.35
1855	1.0
1856	1.0
1857	1.0
1858	1.0
1859	1.0
186	0.6226
1860	2.4
1861	0.5333
1862	0.5333
1863	0.597
1864	1.0
1865	1.0
1866	1.0
1867	0.65
1868	0.65
1869	1.0
187	0.6592
1870	1.0
1871	0.4778
1872	1.8804
1873	2.2254
1874	0.3778
1875	3.1491
1876	1.8717
1877	3.1491
1878	3.1554
1879	0.3778
188	0.5687
1880	0.3778
1881	0.3778
1882	0.3778
1883	3.3046
1884	0.3583
1885	0.3583
1886	0.3583
1887	0.3583
1888	0.3583
1889	0.3583
189	0.7372
1890	0.3583
1891	0.3583
1892	0.3583
1893	0.3583
1894	0.3583
1895	0.3583
1896	0.3038
1897	0.3038
1898	0.3038
1899	0.3038
19	6.664
190	0.65
1900	0.3038
1901	0.3038
1902	0.3038
1903	0.3038
1904	0.3038
1905	0.3038
1906	0.3038
1907	0.3038
1908	0.3038
1909	0.3038
191	0.8833
1910	0.3038
1911	0.3038
1912	0.3038
1913	0.3038
1914	0.3038
1915	0.3038
1916	0.3038
1917	0.3038
1918	0.3038
1919	0.3038
192	0.579
1920	0.3038
1921	0.3038
1922	0.3038
1923	0.3038
1924	0.3038
1925	0.3038
1926	0.3038
1927	0.3038
1928	0.3038
1929	0.3038
193	3.331
1930	0.3038
1931	0.3038
1932	0.3038
1933	0.3038
1934	0.3038
1935	0.3038
1936	0.3038
1937	0.3038
1938	0.3038
1939	0.3038
194	0.836
1940	0.3038
1941	0.3038
1942	0.3038
1943	0.3038
1944	0.3038
1945	0.3038
1946	0.3038
1947	0.3038
1948	0.3038
1949	0.3038
195	0.8831
1950	0.3038
1951	0.3038
1952	0.3038
1953	0.3038
1954	0.3038
1955	0.3038
1956	0.3038
1957	0.3038
1958	0.3038
1959	0.3038
196	0.8051
1960	0.3038
1961	0.3038
1962	0.3038
1963	0.3038
1964	0.3038
1965	0.3038
1966	0.3038
1967	0.3038
1968	0.3038
1969	0.3038
197	0.7151
1970	0.3038
1971	0.3038
1972	0.3038
1973	0.3038
1974	0.3038
1975	0.3038
1976	0.3038
1977	0.3038
1978	0.3038
1979	0.3038
198	0.9758
1980	0.3038
1981	0.3038
1982	0.3038
1983	0.3038
1984	0.3038
1985	0.3038
1986	0.3038
1987	0.3038
1988	0.3038
1989	0.3038
199	0.8026
1990	0.3038
1991	0.3038
1992	0.3038
1993	0.3038
1994	0.3038
1995	1.0038
1996	0.3038
1997	0.3038
1998	0.3038
1999	0.3038
2	113.0657
20	12.4817
200	5.8767
2000	0.3038
2001	0.3038
2002	0.3038
2003	0.3038
2004	0.3038
2005	0.3038
2006	0.3038
2007	0.3038
2008	0.3038
2009	0.3038
201	0.5298
2010	0.3038
2011	0.3038
2012	0.3038
2013	0.3038
2014	0.3038
2015	0.3038
2016	0.3038
2017	0.3038
2018	0.3038
2019	0.3038
202	0.5671
2020	0.3038
2021	0.3038
2022	0.3038
2023	0.3038
2024	0.3038
2025	0.3038
2026	0.3038
2027	0.3038
2028	0.3038
2029	0.3038
203	0.4513
2030	0.3038
2031	0.3038
2032	0.3038
2033	0.3038
2034	0.3038
2035	0.3038
2036	0.3038
2037	0.3038
2038	0.3038
2039	0.3038
204	0.7228
2040	0.3038
2041	0.3038
2042	0.3038
2043	0.3038
2044	0.3038
2045	0.3038
2046	0.3038
2047	0.3038
2048	0.3038
2049	0.3038
205	1.2103
2050	0.3038
2051	0.3038
2052	0.3038
2053	0.3038
2054	0.3038
2055	0.3038
2056	0.3038
2057	0.3038
2058	0.3038
2059	0.3038
206	0.3226
2060	0.3038
2061	0.3038
2062	0.3038
2063	0.3038
2064	0.3038
2065	0.3038
2066	0.3038
2067	0.3038
2068	0.3038
2069	0.3038
207	0.4261
2070	0.3038
2071	0.3038
2072	0.3038
2073	0.3038
2074	0.3038
2075	0.3038
2076	0.3038
2077	0.3038
2078	0.3038
2079	0.3038
208	0.5261
2080	0.7083
2081	0.475
2082	0.7083
2083	0.475
2084	0.4225
2085	0.5625
2086	0.335
2087	0.335
2088	0.335
2089	0.335
209	0.6676
2090	0.4225
2091	0.335
2092	0.335
2093	0.5683
2094	0.5683
2095	0.335
2096	0.4225
2097	0.5683
2098	1.0
2099	0.3875
21	6.6415
210	0.4699
2100	7.8211
2101	0.3933
2102	0.3778
2103	0.65
2104	0.65
2105	0.65
2106	0.65
2107	0.3368
2108	0.3368
2109	0.3368
211	0.332
2110	0.3368
2111	0.3368
2112	0.3368
2113	0.3368
2114	0.3368
2115	0.4768
2116	0.3368
2117	0.3368
2118	0.3368
2119	0.3368
212	4.1389
2120	0.3368
2121	0.3368
2122	0.3368
2123	0.3368
2124	0.3368
2125	0.65
2126	0.65
2127	0.3875
2128	1.4958
2129	0.3875
213	2.7515
2130	0.3875
2131	0.3875
2132	0.4
2133	0.4
2134	0.4
2135	0.4
2136	0.4
2137	0.37
2138	0.37
2139	0.51
214	3.049
2140	0.37
2141	0.37
2142	0.37
2143	0.37
2144	0.9367
2145	1.6533
2146	0.9133
2147	0.9133
2148	0.9367
2149	0.3636
215	3.0389
2150	0.3636
2151	0.3636
2152	0.3636
2153	0.3636
2154	0.3636
2155	0.3636
2156	0.3636
2157	0.3636
2158	0.3636
2159	0.3875
216	2.749
2160	0.3875
2161	0.3875
2162	0.3875
2163	0.3875
2164	0.3875
2165	0.3875
2166	0.3875
2167	0.3538
2168	0.3538
2169	0.3538
217	2.9265
2170	0.3538
2171	0.3872
2172	11.7258
2173	0.3538
2174	0.3538
2175	0.3538
2176	0.3538
2177	0.3538
2178	0.3538
2179	0.3538
218	1.9687
2180	0.3538
2181	0.3538
2182	0.3538
2183	0.3538
2184	0.3538
2185	0.3538
2186	0.3538
2187	0.3538
2188	0.3538
2189	0.3538
219	0.3582
2190	0.3538
2191	0.3538
2192	0.3538
2193	1.0833
2194	1.0667
2195	1.0667
2196	1.0833
2197	1.0833
2198	0.95
2199	0.3583
22	0.3292
220	0.3971
2200	0.3583
2201	0.3583
2202	0.3583
2203	0.3583
2204	0.3583
2205	0.3583
2206	0.3583
2207	0.3583
2208	0.3583
2209	1.0
221	4.195
2210	0.3875
2211	0.6208
2212	1.0875
2213	0.5625
2214	0.4575
2215	0.5275
2216	0.3875
2217	0.3875
2218	0.4
2219	0.575
222	4.195
2220	0.4
2221	0.5167
2222	0.75
2223	0.4
2224	0.4
2225	0.475
2226	0.475
2227	0.475
2228	0.475
2229	0.65
223	0.3292
2230	0.5333
2231	0.4167
2232	0.4167
2233	0.4167
2234	0.4167
2235	0.5333
2236	0.8833
2237	0.5333
2238	0.65
2239	0.65
224	2.888
2240	0.65
2241	0.5333
2242	0.5333
2243	0.5333
2244	0.65
2245	0.65
2246	0.475
2247	0.475
2248	0.475
2249	0.545
225	0.4964
2250	0.37
2251	0.37
2252	0.37
2253	0.37
2254	0.37
2255	0.37
2256	0.37
2257	0.37
2258	0.825
2259	0.475
226	0.6714
2260	0.5333
2261	0.65
2262	0.5333
2263	0.65
2264	0.44
2265	0.44
2266	0.44
2267	0.5567
2268	0.825
2269	0.4167
227	0.4694
2270	0.44
2271	0.44
2272	0.44
2273	0.44
2274	0.44
2275	0.65
2276	0.65
2277	0.65
2278	0.65
2279	0.5333
228	0.4964
2280	0.5333
2281	0.65
2282	0.8833
2283	1.1167
2284	0.5333
2285	0.44
2286	0.44
2287	0.44
2288	0.44
2289	0.44
229	1.3409
2290	1.0
2291	0.475
2292	0.475
2293	0.475
2294	0.65
2295	0.65
2296	0.65
2297	0.65
2298	0.3875
2299	0.3875
23	0.355
230	0.4964
2300	0.3875
2301	0.3875
2302	0.3875
2303	0.3875
2304	0.3875
2305	0.3875
2306	0.4167
2307	0.4167
2308	0.4167
2309	0.4167
231	0.4171
2310	0.3149
2311	0.3149
2312	0.3149
2313	0.3149
2314	0.3149
2315	0.3149
2316	0.3149
2317	0.3149
2318	0.3149
2319	0.3149
232	0.3171
2320	0.3149
2321	0.3149
2322	0.3149
2323	0.3149
2324	0.3149
2325	0.3149
2326	0.3149
2327	0.3149
2328	0.3561
2329	0.3149
233	0.3171
2330	0.3561
2331	0.3149
2332	0.3149
2333	0.3149
2334	0.3149
2335	0.3149
2336	0.3149
2337	0.3561
2338	0.3149
2339	0.3149
234	0.3171
2340	0.3149
2341	0.3538
2342	0.3818
2343	0.3808
2344	0.4392
2345	0.3292
2346	0.3292
2347	0.3292
2348	0.3412
2349	0.3412
235	0.4075
2350	0.3412
2351	0.3412
2352	0.35
2353	0.475
2354	0.8164
2355	0.3824
2356	0.3824
2357	0.3824
2358	0.3824
2359	0.35
236	0.4542
2360	0.3467
2361	0.3467
2362	1.0
2363	0.65
2364	0.3412
2365	0.65
2366	0.65
2367	0.5333
2368	0.5333
2369	0.5333
237	0.3171
2370	0.65
2371	0.65
2372	0.4167
2373	0.4167
2374	0.4167
2375	0.4167
2376	0.4167
2377	0.65
2378	0.4
2379	0.4
238	0.3171
2380	0.4
2381	0.4
2382	0.4
2383	0.4
2384	0.4
2385	1.0412
2386	0.3412
2387	0.3412
2388	0.3412
2389	0.3412
239	0.3171
2390	0.3412
2391	0.3412
2392	0.3412
2393	0.3412
2394	0.3412
2395	0.3412
2396	0.3412
2397	0.3412
2398	0.3412
2399	0.3412
24	2.5458
240	1.1171
2400	0.3412
2401	0.3412
2402	1.0
2403	0.35
2404	0.35
2405	0.35
2406	0.35
2407	0.35
2408	0.35
2409	0.35
241	0.3877
2410	0.35
2411	0.35
2412	0.35
2413	0.35
2414	0.35
2415	0.35
2416	0.35
2417	0.5333
2418	0.5333
2419	0.5333
242	0.6608
2420	0.4
2421	0.4
2422	0.4
2423	0.4
2424	0.4
2425	0.4
2426	0.4
2427	0.35
2428	0.35
2429	0.35
243	0.3171
2430	0.35
2431	0.35
2432	0.35
2433	0.35
2434	0.35
2435	0.35
2436	0.35
2437	0.35
2438	0.35
2439	0.35
244	0.3608
2440	0.35
2441	0.44
2442	0.44
2443	0.44
2444	0.44
2445	0.44
2446	0.4167
2447	0.4167
2448	0.4167
2449	0.4167
245	0.3608
2450	0.45
2451	0.4167
2452	0.4978
2453	0.42
2454	0.42
2455	0.35
2456	0.42
2457	0.4278
2458	0.42
2459	0.35
246	0.3528
2460	0.325
2461	0.325
2462	0.325
2463	0.325
2464	0.325
2465	0.325
2466	0.325
2467	0.325
2468	0.325
2469	0.325
247	0.3171
2470	0.325
2471	0.325
2472	0.325
2473	0.325
2474	0.325
2475	0.325
2476	0.325
2477	0.325
2478	0.325
2479	0.325
248	2.0536
2480	0.325
2481	0.325
2482	0.44
2483	0.3778
2484	0.3778
2485	0.7667
2486	0.7667
2487	0.3292
2488	0.3292
2489	0.3292
249	0.5814
2490	0.3292
2491	0.3292
2492	0.3292
2493	0.3292
2494	0.3292
2495	0.3292
2496	0.3292
2497	0.3292
2498	0.3292
2499	0.3292
25	0.3292
250	0.3489
2500	0.3292
2501	0.3292
2502	0.3292
2503	0.3292
2504	0.3292
2505	0.3292
2506	0.3292
2507	0.3292
2508	0.3292
2509	0.3292
251	0.3878
2510	0.4667
2511	0.4167
2512	0.4167
2513	0.4167
2514	0.4167
2515	0.35
2516	0.35
2517	0.35
2518	0.3467
2519	0.3467
252	0.8298
2520	0.3467
2521	0.3467
2522	0.3467
2523	0.3467
2524	1.0467
2525	0.3467
2526	0.3467
2527	0.3467
2528	0.3467
2529	0.3467
253	0.356
2530	0.3467
2531	0.3467
2532	0.7038
2533	0.7038
2534	0.7038
2535	1.0
2536	0.475
2537	0.825
2538	0.825
2539	0.475
254	0.3477
2540	0.475
2541	0.475
2542	0.475
2543	0.475
2544	0.44
2545	0.44
2546	0.4
2547	0.475
2548	0.475
2549	0.475
255	0.3863
2550	0.475
2551	0.475
2552	0.475
2553	0.475
2554	0.475
2555	0.3778
2556	0.3778
2557	0.3778
2558	0.3778
2559	0.3778
256	0.3412
2560	0.3778
2561	0.3778
2562	0.3778
2563	1.0
2564	0.44
2565	0.44
2566	0.44
2567	0.44
2568	0.44
2569	0.3412
257	0.5135
2570	0.3412
2571	0.3412
2572	0.3412
2573	0.3412
2574	0.3412
2575	0.3412
2576	0.3412
2577	0.3412
2578	0.3412
2579	0.3412
258	0.3467
2580	0.3412
2581	0.3412
2582	0.3412
2583	0.3412
2584	0.3412
2585	0.3412
2586	0.65
2587	0.65
2588	1.0
2589	0.44
259	0.3467
2590	0.44
2591	0.44
2592	0.4
2593	0.4
2594	0.4
2595	0.4
2596	0.4
2597	0.4
2598	1.0
2599	0.44
26	0.356
260	0.3467
2600	0.44
2601	0.44
2602	0.44
2603	0.44
2604	0.3875
2605	0.3875
2606	0.3875
2607	0.3875
2608	0.3875
2609	0.3875
261	0.5224
2610	0.3875
2611	0.3875
2612	0.3875
2613	0.3875
2614	0.3875
2615	0.3538
2616	0.3538
2617	0.4175
2618	0.3538
2619	0.4175
262	0.6761
2620	0.3538
2621	0.3538
2622	0.3538
2623	0.3538
2624	0.3636
2625	0.3636
2626	0.3636
2627	0.3636
2628	0.3636
2629	0.3636
263	0.3202
2630	0.3389
2631	0.3389
2632	0.3389
2633	0.3389
2634	0.3389
2635	0.3389
2636	0.3389
2637	0.3389
2638	0.6889
2639	0.3389
264	0.6798
2640	0.3389
2641	0.3389
2642	0.3389
2643	0.3368
2644	0.3368
2645	0.3368
2646	0.3368
2647	0.3368
2648	0.3368
2649	0.3368
265	0.4369
2650	0.35
2651	0.35
2652	0.35
2653	0.35
2654	0.35
2655	0.35
2656	0.35
2657	0.35
2658	0.35
2659	0.35
266	0.3839
2660	0.35
2661	0.35
2662	0.35
2663	1.3067
2664	0.5333
2665	0.5333
2666	0.5333
2667	0.44
2668	0.44
2669	0.44
267	0.6045
2670	0.44
2671	1.1167
2672	1.1167
2673	1.1167
2674	1.1167
2675	1.1167
2676	1.0
2677	0.37
2678	0.44
2679	0.44
268	0.7369
2680	0.5333
2681	0.4167
2682	0.4167
2683	0.4167
2684	0.4167
2685	0.3149
2686	0.3149
2687	0.3149
2688	0.3149
2689	0.3149
269	0.3202
2690	0.3149
2691	0.3149
2692	0.3149
2693	0.3149
2694	0.3149
2695	0.3149
2696	0.3149
2697	0.3149
2698	0.3149
2699	0.3149
27	7.6212
270	0.4422
2700	0.3149
2701	0.3149
2702	0.3149
2703	0.3561
2704	0.3149
2705	0.3561
2706	0.3149
2707	0.3149
2708	0.3149
2709	0.3149
271	0.3163
2710	0.3561
2711	0.3149
2712	0.3149
2713	0.3149
2714	0.3538
2715	0.3818
2716	0.3808
2717	0.4392
2718	0.3292
2719	0.3292
272	0.6703
2720	0.3292
2721	0.3412
2722	0.3412
2723	0.3412
2724	0.3412
2725	0.35
2726	0.475
2727	0.7164
2728	0.3824
2729	0.3824
273	0.3786
2730	0.3824
2731	0.3824
2732	0.35
2733	0.3467
2734	0.3467
2735	0.65
2736	1.0
2737	0.3583
2738	0.3583
2739	0.3583
274	0.36
2740	0.3583
2741	0.3583
2742	0.3583
2743	0.3583
2744	0.3583
2745	0.3583
2746	0.3583
2747	0.3583
2748	1.0
2749	1.0
275	0.577
2750	1.0
2751	1.0
2752	1.0
2753	0.65
2754	1.0
2755	1.0
2756	1.0
2757	1.0
2758	1.0
2759	1.0
276	0.4907
2760	1.0
2761	1.0
2762	1.0
2763	0.3778
2764	0.3778
2765	0.3778
2766	0.3778
2767	0.3778
2768	0.3778
2769	0.3778
277	0.474
2770	0.3778
2771	0.3583
2772	0.3583
2773	0.3583
2774	0.3583
2775	0.3583
2776	0.3583
2777	0.3583
2778	0.3583
2779	0.3583
278	0.5452
2780	0.3583
2781	0.3583
2782	0.3583
2783	0.37
2784	0.44
2785	0.44
2786	1.0
2787	1.0
2788	1.0
2789	1.0
279	0.3786
2790	1.0
2791	1.0
2792	1.0
2793	1.0
2794	1.0
2795	1.0
2796	1.0
2797	1.0
2798	1.0
2799	0.3038
28	13.1201
280	2.4265
2800	0.3038
2801	0.3038
2802	0.3038
2803	0.3038
2804	0.3038
2805	0.3038
2806	0.3038
2807	0.3038
2808	0.3038
2809	0.3038
281	0.3839
2810	0.3038
2811	0.3038
2812	0.3038
2813	0.3038
2814	0.3038
2815	0.3038
2816	0.3038
2817	0.3038
2818	0.3038
2819	0.3038
282	0.5318
2820	0.3038
2821	0.3038
2822	0.3038
2823	0.3038
2824	0.3038
2825	0.3038
2826	0.3038
2827	0.3038
2828	0.3038
2829	0.3038
283	0.3839
2830	0.3038
2831	0.3038
2832	0.3038
2833	0.3038
2834	0.3038
2835	0.3038
2836	0.3038
2837	0.3038
2838	0.3038
2839	0.3038
284	0.4793
2840	0.3038
2841	0.3038
2842	0.3038
2843	0.3038
2844	0.3038
2845	0.3038
2846	0.3038
2847	0.3038
2848	0.3038
2849	0.3038
285	0.3591
2850	0.3038
2851	0.3038
2852	0.3038
2853	0.3038
2854	0.3038
2855	0.3038
2856	0.3038
2857	0.3038
2858	0.3038
2859	0.3038
286	0.3202
2860	0.3038
2861	0.3038
2862	0.3038
2863	0.3038
2864	0.3038
2865	0.3038
2866	0.3038
2867	0.3038
2868	0.3038
2869	0.3038
287	0.3202
2870	0.3038
2871	0.3038
2872	0.3038
2873	0.3038
2874	0.3038
2875	0.3038
2876	0.3038
2877	0.3038
2878	0.3038
2879	0.3038
288	0.474
2880	0.3038
2881	0.3038
2882	0.3038
2883	0.3038
2884	0.3038
2885	0.3038
2886	0.3038
2887	0.3038
2888	0.3038
2889	0.3038
289	0.3839
2890	0.3038
2891	0.3038
2892	0.3038
2893	0.3038
2894	0.3038
2895	0.3038
2896	0.3038
2897	0.3038
2898	0.3038
2899	0.3038
29	4.5088
290	0.4157
2900	0.3038
2901	0.3038
2902	0.3038
2903	0.3038
2904	0.3038
2905	0.3038
2906	0.3038
2907	0.3038
2908	0.3038
2909	0.3038
291	0.6419
2910	0.3038
2911	0.3038
2912	0.3038
2913	0.3038
2914	0.3038
2915	0.3038
2916	0.3038
2917	0.3038
2918	0.3038
2919	0.3038
292	0.4907
2920	0.3038
2921	0.3038
2922	0.3038
2923	0.3038
2924	0.3038
2925	0.3038
2926	0.3038
2927	0.3038
2928	0.3038
2929	0.3038
293	0.4286
2930	0.3038
2931	0.3038
2932	0.3038
2933	0.3038
2934	0.3038
2935	0.3038
2936	0.3038
2937	0.3038
2938	0.3038
2939	0.3038
294	0.5289
2940	0.3038
2941	0.3038
2942	0.3038
2943	0.3038
2944	0.3038
2945	0.3038
2946	0.3038
2947	0.3038
2948	0.3038
2949	0.3038
295	0.5303
2950	0.3038
2951	0.3038
2952	0.3038
2953	0.3038
2954	0.3038
2955	0.3038
2956	0.3038
2957	0.3038
2958	0.3038
2959	0.3038
296	0.5274
2960	0.3038
2961	0.3038
2962	0.3038
2963	0.3038
2964	0.3038
2965	0.3038
2966	0.3038
2967	0.3038
2968	0.3038
2969	0.3038
297	0.5314
2970	0.3038
2971	0.3038
2972	0.3038
2973	0.3038
2974	0.3038
2975	0.3038
2976	0.3038
2977	0.3038
2978	0.3038
2979	0.3038
298	0.5329
2980	0.3038
2981	0.3038
2982	0.3038
2983	1.0
2984	0.65
2985	0.65
2986	0.65
2987	0.65
2988	0.65
2989	0.65
299	0.5274
2990	0.4978
2991	0.42
2992	0.42
2993	0.42
2994	0.35
2995	0.42
2996	0.4278
2997	0.42
2998	0.35
2999	0.3241
3	0.9462
30	1.7655
300	0.8589
3000	0.3241
3001	0.3241
3002	0.3241
3003	0.3241
3004	0.3241
3005	0.3241
3006	0.3241
3007	0.3241
3008	0.3241
3009	0.3241
301	0.5274
3010	0.3241
3011	0.3241
3012	0.3241
3013	0.3241
3014	0.3241
3015	0.3241
3016	0.3241
3017	0.3241
3018	0.3241
3019	0.3241
302	0.7589
3020	0.3241
3021	0.3825
3022	0.3241
3023	0.3241
3024	0.3241
3025	0.3241
3026	0.44
3027	0.44
3028	0.3778
3029	0.3778
303	1.124
3030	0.7667
3031	0.7667
3032	0.3292
3033	0.3292
3034	0.3292
3035	0.3292
3036	0.3292
3037	0.3292
3038	0.3292
3039	0.3292
304	0.3706
3040	0.3292
3041	0.3292
3042	0.3292
3043	0.3292
3044	0.3292
3045	0.3292
3046	0.3292
3047	0.3292
3048	0.3292
3049	0.3292
305	0.5843
3050	0.3292
3051	0.3292
3052	0.3292
3053	0.3292
3054	0.3292
3055	0.7083
3056	0.475
3057	0.7083
3058	0.475
3059	0.335
306	0.8812
3060	0.335
3061	0.335
3062	0.335
3063	0.335
3064	0.335
3065	0.5683
3066	0.5683
3067	0.335
3068	0.5683
3069	0.44
307	0.6669
3070	0.44
3071	0.44
3072	0.4
3073	0.4
3074	0.4
3075	0.4
3076	0.4
3077	0.4
3078	0.3636
3079	0.3636
308	0.3585
3080	0.3636
3081	0.3636
3082	0.3636
3083	0.3636
3084	0.3636
3085	0.3636
3086	0.3636
3087	0.3636
3088	0.4478
3089	5.917
309	0.5664
3090	0.35
3091	0.35
3092	0.35
3093	0.35
3094	0.4278
3095	2.725
3096	0.35
3097	0.5333
3098	0.4478
3099	0.37
31	2.2779
310	0.6011
3100	0.37
3101	0.37
3102	0.37
3103	0.37
3104	0.4478
3105	0.37
3106	0.37
3107	0.47
3108	0.37
3109	0.4089
311	0.604
3110	0.37
3111	2.271
3112	0.4273
3113	0.597
3114	0.4667
3115	0.8167
3116	0.4667
3117	1.1667
3118	0.4667
3119	0.37
312	0.6344
3120	0.7278
3121	2.4
3122	0.7667
3123	1.0
3124	0.7667
3125	1.7
3126	1.4667
3127	1.4667
3128	1.7
3129	1.0
313	0.6011
3130	0.44
3131	0.44
3132	0.44
3133	0.4
3134	0.4
3135	0.4
3136	0.4
3137	0.4
3138	0.4
3139	1.0
314	0.6011
3140	0.3583
3141	0.3583
3142	0.3583
3143	0.3583
3144	0.3583
3145	0.3583
3146	0.3583
3147	0.3583
3148	0.3583
3149	0.3583
315	0.6011
3150	0.3583
3151	0.3583
3152	1.0
3153	0.5333
3154	0.5333
3155	0.5333
3156	2.1985
3157	1.0538
3158	0.3538
3159	1.0538
316	0.6011
3160	0.3538
3161	0.8205
3162	0.3538
3163	12.74
3164	3.1867
3165	0.3538
3166	0.3538
3167	0.5333
3168	0.5333
3169	0.65
317	0.6011
3170	0.4167
3171	0.4
3172	0.4
3173	0.4167
3174	0.475
3175	0.475
3176	0.475
3177	0.3333
3178	0.3333
3179	0.3333
318	0.6011
3180	0.4208
3181	3.2208
3182	1.7333
3183	1.7333
3184	1.0333
3185	0.3333
3186	4.5333
3187	1.2083
3188	2.4333
3189	3.1333
319	0.6011
3190	3.1333
3191	0.4333
3192	0.3333
3193	0.3333
3194	0.3333
3195	0.3333
3196	0.5
3197	0.3412
3198	0.65
3199	0.65
32	2.3038
320	0.9034
3200	0.5333
3201	0.5333
3202	0.5333
3203	0.4167
3204	0.4167
3205	0.4167
3206	0.4167
3207	0.4167
3208	0.44
3209	0.44
321	0.5006
3210	0.44
3211	0.44
3212	0.44
3213	0.4167
3214	0.4167
3215	0.4167
3216	0.4167
3217	0.45
3218	0.4167
3219	1.0
322	0.5045
3220	5.2
3221	4.15
3222	1.7
3223	3.1
3224	4.5
3225	2.5167
3226	3.8
3227	6.7167
3228	3.45
3229	2.2833
323	0.5045
3230	1.7
3231	0.44
3232	0.44
3233	0.475
3234	0.475
3235	0.475
3236	0.3459
3237	0.3459
3238	1.0226
3239	1.1626
324	0.584
3240	1.1626
3241	0.3728
3242	0.3728
3243	0.3728
3244	0.3728
3245	0.3728
3246	0.3728
3247	0.3728
3248	0.3728
3249	0.3728
325	0.3358
3250	0.3728
3251	0.3728
3252	0.3728
3253	0.3728
3254	0.3728
3255	0.3728
3256	0.3728
3257	0.3728
3258	0.3728
3259	0.3728
326	0.3358
3260	0.3728
3261	0.3728
3262	0.3728
3263	0.3728
3264	0.3728
3265	0.3728
3266	0.3728
3267	1.0
3268	0.5333
3269	0.5333
327	0.3358
3270	0.5333
3271	0.3875
3272	0.3875
3273	0.3875
3274	2.3008
3275	0.3875
3276	1.0875
3277	1.0875
3278	1.0875
3279	0.3333
328	0.3358
3280	0.3333
3281	0.3333
3282	0.3333
3283	0.3333
3284	0.3333
3285	0.3333
3286	0.3333
3287	0.3333
3288	0.3333
3289	0.3333
329	0.3358
3290	0.3333
3291	0.3333
3292	0.3333
3293	0.3333
3294	0.3333
3295	0.3333
3296	0.3333
3297	0.3333
3298	0.3333
3299	1.0
33	3.2965
330	0.3358
3300	0.475
3301	0.475
3302	0.475
3303	0.3583
3304	0.3583
3305	0.3583
3306	0.3583
3307	0.3583
3308	0.3583
3309	0.3583
331	0.4352
3310	0.3583
3311	0.3583
3312	0.3583
3313	0.4
3314	0.4
3315	0.4
3316	0.4
3317	0.4
3318	0.4
3319	0.5333
332	0.3769
3320	0.5333
3321	0.5917
3322	0.3875
3323	0.3875
3324	0.3875
3325	0.3875
3326	0.3875
3327	0.3875
3328	0.3875
3329	0.3778
333	0.304
3330	0.3778
3331	0.3778
3332	0.3778
3333	0.3778
3334	0.3778
3335	0.3778
3336	0.3778
3337	0.3778
3338	0.5333
3339	0.54
334	0.3389
3340	0.5386
3341	0.37
3342	0.37
3343	0.37
3344	0.37
3345	0.37
3346	0.37
3347	0.37
3348	0.37
3349	0.37
335	0.3389
3350	0.37
3351	0.44
3352	0.44
3353	0.44
3354	0.44
3355	0.44
3356	1.0
3357	0.3636
3358	0.3636
3359	0.3636
336	0.3389
3360	0.3636
3361	0.3636
3362	0.44
3363	0.44
3364	0.5333
3365	0.3066
3366	0.3066
3367	0.3066
3368	0.3066
3369	0.3066
337	0.65
3370	0.3066
3371	0.3066
3372	0.3066
3373	0.3066
3374	0.3066
3375	0.3066
3376	0.3066
3377	0.3066
3378	0.3066
3379	0.3066
338	0.65
3380	0.3066
3381	0.3066
3382	0.3066
3383	0.3066
3384	0.3066
3385	0.3066
3386	0.3066
3387	0.3066
3388	0.3066
3389	0.3066
339	0.65
3390	0.3066
3391	0.3066
3392	1.0066
3393	0.3066
3394	0.3066
3395	0.3066
3396	0.3066
3397	0.3066
3398	0.3066
3399	0.3066
34	3.4965
340	0.4964
3400	1.0066
3401	0.3066
3402	0.3066
3403	0.3066
3404	0.3066
3405	0.3066
3406	0.3066
3407	0.3066
3408	0.3066
3409	0.3066
341	1.2858
3410	0.3066
3411	0.3066
3412	0.3066
3413	0.3066
3414	0.3066
3415	0.3066
3416	0.3066
3417	0.3066
3418	0.3066
3419	0.3066
342	0.3292
3420	0.3066
3421	0.3066
3422	0.3066
3423	0.3066
3424	0.3066
3425	0.3066
3426	0.3066
3427	0.3066
3428	0.3066
3429	0.3066
343	0.3292
3430	0.3066
3431	0.3066
3432	0.3066
3433	0.3066
3434	0.3066
3435	0.3066
3436	0.3066
3437	0.3066
3438	0.3066
3439	0.3066
344	0.4693
3440	0.3066
3441	0.3066
3442	0.3066
3443	0.3066
3444	0.3066
3445	0.3066
3446	0.3066
3447	0.3066
3448	0.3066
3449	0.3066
345	0.3269
3450	0.3066
3451	0.3066
3452	0.3066
3453	0.3066
3454	0.3066
3455	0.3066
3456	0.3066
3457	0.3066
3458	0.3066
3459	0.3066
346	0.3687
3460	0.3066
3461	0.3066
3462	0.3066
3463	0.3066
3464	0.3066
3465	0.3066
3466	0.3066
3467	0.3066
3468	0.3066
3469	0.3066
347	0.3687
3470	0.3066
3471	0.475
3472	0.475
3473	0.475
3474	0.475
3475	0.475
3476	0.475
3477	0.475
3478	0.475
3479	1.0
348	0.4021
3480	1.0
3481	1.0
3482	1.0
3483	1.0
3484	1.0
3485	1.0
3486	1.0
3487	1.0
3488	1.0
3489	0.3412
349	0.3687
3490	0.65
3491	0.65
3492	0.5333
3493	0.5333
3494	0.5333
3495	0.4167
3496	0.4167
3497	0.4167
3498	0.4167
3499	0.4167
35	0.7828
350	1.0269
3500	0.44
3501	0.44
3502	0.44
3503	0.44
3504	0.44
3505	0.4167
3506	0.4167
3507	0.4167
3508	0.4167
3509	0.45
351	0.3538
3510	0.4167
3511	0.65
3512	0.7278
3513	1.0
3514	1.7
3515	1.0
3516	1.0
3517	0.475
3518	0.475
3519	0.475
352	0.3269
3520	1.0152
3521	0.3152
3522	1.0152
3523	0.3152
3524	0.3152
3525	0.3152
3526	0.3152
3527	0.3152
3528	0.3152
3529	0.3152
353	0.3269
3530	0.3152
3531	0.3152
3532	0.3736
3533	0.3152
3534	0.3736
3535	0.3152
3536	0.3152
3537	0.3152
3538	0.3152
3539	0.3152
354	0.3269
3540	0.3152
3541	0.3152
3542	0.3152
3543	0.3152
3544	0.3152
3545	0.3152
3546	0.3152
3547	0.3152
3548	0.3152
3549	0.3152
355	0.3269
3550	0.3152
3551	0.3152
3552	0.3152
3553	0.3152
3554	0.3152
3555	1.0152
3556	0.3152
3557	0.3152
3558	0.3152
3559	0.3152
356	0.4273
3560	0.3152
3561	0.3152
3562	0.3152
3563	0.3152
3564	0.3583
3565	0.3583
3566	0.3583
3567	0.3583
3568	0.3583
3569	0.3583
357	0.3636
3570	0.3583
3571	0.3583
3572	0.3583
3573	0.3583
3574	0.4
3575	0.4
3576	0.4
3577	0.4
3578	0.4
3579	0.4
358	0.475
3580	0.5333
3581	0.5333
3582	0.5917
3583	1.0
3584	2.2474
3585	2.3474
3586	3.514
3587	2.3474
3588	0.3778
3589	0.3778
359	0.825
3590	0.6444
3591	0.37
3592	0.37
3593	0.37
3594	0.422
3595	0.422
3596	0.422
3597	0.3636
3598	0.422
3599	0.422
36	1.889
360	0.475
3600	0.7292
3601	0.3792
3602	0.5833
3603	0.4
3604	0.75
3605	0.65
3606	0.65
3607	0.3292
3608	0.3875
3609	0.3292
361	0.475
3610	0.3875
3611	0.3992
3612	0.3992
3613	2.5575
3614	0.3875
3615	0.475
3616	0.5188
3617	0.3438
3618	0.3438
3619	0.3438
362	1.4185
3620	0.3438
3621	0.3438
3622	0.3438
3623	0.3438
3624	0.3875
3625	0.3438
3626	0.4074
3627	0.3438
3628	0.3438
3629	0.3438
363	0.3219
3630	0.3438
3631	0.3438
3632	0.3438
3633	0.3438
3634	0.37
3635	0.37
3636	0.37
3637	1.0
3638	0.44
3639	0.44
364	0.3219
3640	0.44
3641	0.44
3642	0.44
3643	1.6767
3644	1.6767
3645	1.6242
3646	1.6242
3647	1.6242
3648	1.6242
3649	0.3636
365	0.3552
3650	0.3636
3651	0.3636
3652	0.3636
3653	0.3636
3654	0.3636
3655	0.3636
3656	0.3636
3657	0.3636
3658	0.3636
3659	1.14
366	0.3219
3660	0.44
3661	0.44
3662	0.44
3663	0.44
3664	3.1
3665	0.3149
3666	0.3149
3667	0.3149
3668	0.3149
3669	0.3149
367	0.3219
3670	0.3149
3671	0.3149
3672	0.3149
3673	0.3149
3674	0.3149
3675	0.3149
3676	0.3149
3677	0.3149
3678	0.3149
3679	0.3149
368	0.3219
3680	0.3149
3681	0.3149
3682	0.3149
3683	0.3149
3684	0.3149
3685	0.3149
3686	0.3149
3687	0.3149
3688	0.3149
3689	0.3149
369	2.712
3690	0.3149
3691	0.3149
3692	0.3149
3693	0.3149
3694	0.3149
3695	0.3149
3696	0.3149
3697	0.3149
3698	0.3149
3699	0.3149
37	20.1945
370	0.5299
3700	1.0
3701	1.0
3702	0.7278
3703	1.0
3704	0.488
3705	1.9042
3706	1.4079
3707	0.4322
3708	0.4322
3709	0.4512
371	1.0269
3710	0.3637
3711	0.4322
3712	0.3783
3713	0.5037
3714	0.5037
3715	0.5037
3716	0.475
3717	0.475
3718	1.3333
3719	0.6333
372	0.4953
3720	0.6333
3721	0.4
3722	0.4
3723	0.44
3724	0.44
3725	0.44
3726	0.65
3727	0.65
3728	0.65
3729	5.3167
373	0.4953
3730	0.44
3731	0.44
3732	0.44
3733	0.4167
3734	12.0833
3735	0.65
3736	0.4167
3737	0.3538
3738	0.6784
3739	0.8905
374	0.4684
3740	2.8622
3741	0.5288
3742	3.8538
3743	0.3538
3744	0.3538
3745	0.3538
3746	0.3538
3747	0.3538
3748	0.5333
3749	0.7667
375	0.4661
3750	0.5333
3751	0.3778
3752	0.3778
3753	0.3778
3754	0.3778
3755	0.3778
3756	0.3778
3757	0.3778
3758	0.3778
3759	0.5333
376	0.4953
3760	0.5333
3761	0.5333
3762	0.4167
3763	0.4167
3764	0.4167
3765	0.4167
3766	0.65
3767	0.65
3768	0.3875
3769	0.3875
377	0.6399
3770	0.3875
3771	0.3875
3772	0.3875
3773	1.0
3774	1.0
3775	1.0
3776	1.0
3777	0.475
3778	0.475
3779	0.475
378	0.4953
3780	0.475
3781	0.4167
3782	0.7667
3783	0.4167
3784	0.4167
3785	0.4167
3786	0.4167
3787	0.4
3788	0.575
3789	0.5333
379	0.4953
3790	0.5333
3791	0.5333
3792	0.44
3793	0.44
3794	0.44
3795	0.44
3796	0.44
3797	0.44
3798	0.44
3799	0.44
38	19.5802
380	0.3269
3800	1.0
3801	1.7
3802	0.5333
3803	0.5333
3804	0.5333
3805	0.3875
3806	0.3875
3807	0.3875
3808	2.3008
3809	0.3875
381	0.3269
3810	1.0875
3811	1.0875
3812	1.0875
3813	0.3333
3814	0.3333
3815	0.3333
3816	0.3333
3817	0.3333
3818	0.3333
3819	0.3333
382	0.328
3820	0.3333
3821	0.3333
3822	0.3333
3823	0.3333
3824	0.3333
3825	0.3333
3826	0.3333
3827	0.3333
3828	0.3333
3829	0.3333
383	0.328
3830	0.3333
3831	0.3333
3832	0.3333
3833	1.0
3834	5.3221
3835	0.8421
3836	0.7487
3837	0.7254
3838	0.7254
3839	0.7254
384	0.3572
3840	0.7254
3841	0.7254
3842	0.7254
3843	0.7254
3844	0.7254
3845	0.7254
3846	0.7254
3847	0.7254
3848	0.7254
3849	0.7254
385	0.3572
3850	0.7254
3851	0.7254
3852	0.7254
3853	0.7254
3854	0.7254
3855	0.7254
3856	0.7254
3857	0.7254
3858	0.7254
3859	0.7254
386	0.3572
3860	0.7254
3861	0.7254
3862	0.7254
3863	0.7254
3864	0.7254
3865	0.7254
3866	0.7254
3867	0.7254
3868	0.7254
3869	0.7254
387	0.4935
3870	0.7254
3871	0.7487
3872	0.7837
3873	5.2054
3874	0.3171
3875	4.2769
3876	0.8469
3877	0.7535
3878	0.7302
3879	0.7302
388	0.3318
3880	0.7302
3881	0.7302
3882	0.7302
3883	0.7302
3884	0.7302
3885	0.7302
3886	0.7302
3887	0.7302
3888	0.7302
3889	0.7302
389	1.073
3890	0.7302
3891	0.7302
3892	0.7302
3893	0.7302
3894	0.7302
3895	0.7302
3896	0.7302
3897	0.7302
3898	0.7302
3899	0.7302
39	1.1662
390	0.4584
3900	0.7302
3901	0.7302
3902	0.7302
3903	0.7535
3904	0.7885
3905	4.1602
3906	0.3219
3907	1.8686
3908	0.8886
3909	0.7953
391	16.9084
3910	0.772
3911	0.772
3912	0.772
3913	0.772
3914	0.7953
3915	0.8303
3916	1.752
3917	0.3636
3918	3.2354
3919	0.8554
392	0.3806
3920	0.7621
3921	0.7388
3922	0.7388
3923	0.7388
3924	0.7388
3925	0.7388
3926	0.7388
3927	0.7388
3928	0.7388
3929	0.7388
393	0.3806
3930	0.7388
3931	0.7388
3932	0.7388
3933	0.7388
3934	0.7388
3935	0.7388
3936	0.7388
3937	0.7621
3938	0.7971
3939	3.1188
394	0.3806
3940	0.3304
3941	4.625
3942	0.845
3943	0.7517
3944	0.7283
3945	0.7283
3946	0.7283
3947	0.7283
3948	0.7283
3949	0.7283
395	0.3806
3950	0.7283
3951	0.7283
3952	0.7283
3953	0.7283
3954	0.7283
3955	0.7283
3956	0.7283
3957	0.7283
3958	0.7283
3959	0.7283
396	0.4584
3960	0.7283
3961	0.7283
3962	0.7283
3963	0.7283
3964	0.7283
3965	0.7283
3966	0.7283
3967	0.7283
3968	0.7283
3969	0.7283
397	0.3806
3970	0.7283
3971	0.7283
3972	0.7517
3973	0.7867
3974	4.5083
3975	0.32
3976	2.6606
3977	0.8639
3978	0.7706
3979	0.7472
398	0.3806
3980	0.7472
3981	0.7472
3982	0.7472
3983	0.7472
3984	0.7472
3985	0.7472
3986	0.7472
3987	0.7472
3988	0.7472
3989	0.7472
399	0.7306
3990	0.7706
3991	0.8056
3992	2.5439
3993	0.3389
3994	3.9291
3995	0.8491
3996	0.7558
3997	0.7325
3998	0.7325
3999	0.7325
4	0.3292
40	5.4207
400	0.3806
4000	0.7325
4001	0.7325
4002	0.7325
4003	0.7325
4004	0.7325
4005	0.7325
4006	0.7325
4007	0.7325
4008	0.7325
4009	0.7325
401	0.3368
4010	0.7325
4011	0.7325
4012	0.7325
4013	0.7325
4014	0.7325
4015	0.7325
4016	0.7325
4017	0.7325
4018	0.7325
4019	0.7558
402	0.3806
4020	0.7908
4021	3.8125
4022	0.3241
4023	6.8346
4024	0.838
4025	0.7446
4026	0.7213
4027	0.7213
4028	0.7213
4029	0.7213
403	0.3806
4030	0.7213
4031	0.7213
4032	0.7213
4033	0.7213
4034	0.7213
4035	0.7213
4036	0.7213
4037	0.7213
4038	0.7213
4039	0.7213
404	0.4584
4040	0.7213
4041	0.7213
4042	0.7213
4043	0.7213
4044	0.7213
4045	0.7213
4046	0.7213
4047	0.7213
4048	0.7213
4049	0.7213
405	0.3806
4050	0.7213
4051	0.7213
4052	0.7213
4053	0.7213
4054	0.7213
4055	0.7213
4056	0.7213
4057	0.7213
4058	0.7213
4059	0.7213
406	0.4584
4060	0.7213
4061	0.7213
4062	0.7213
4063	0.7213
4064	0.7213
4065	0.7213
4066	0.7213
4067	0.7213
4068	0.7213
4069	0.7213
407	0.3368
4070	0.7213
4071	0.7213
4072	0.7213
4073	0.7446
4074	0.7796
4075	6.718
4076	0.313
4077	3.5819
4078	0.8519
4079	0.7586
408	0.3368
4080	0.7353
4081	0.7353
4082	0.7353
4083	0.7353
4084	0.7353
4085	0.7353
4086	0.7353
4087	0.7353
4088	0.7353
4089	0.7353
409	0.335
4090	0.7353
4091	0.7353
4092	0.7353
4093	0.7353
4094	0.7353
4095	0.7353
4096	0.7353
4097	0.7353
4098	0.7353
4099	0.7586
41	1.2171
410	0.335
4100	0.7936
4101	3.4653
4102	0.3269
4103	2.4321
4104	0.8688
4105	0.7754
4106	0.7521
4107	0.7521
4108	0.7521
4109	0.7521
411	0.335
4110	0.7521
4111	0.7521
4112	0.7521
4113	0.7521
4114	0.7521
4115	0.7754
4116	0.8104
4117	2.3154
4118	0.3438
4119	0.35
412	0.335
4120	0.35
4121	1.0
4122	0.5333
4123	0.5333
4124	0.3467
4125	0.3467
4126	0.3467
4127	0.3467
4128	0.3467
4129	0.3467
413	0.335
4130	0.3467
4131	0.3467
4132	0.3467
4133	0.3467
4134	0.3467
4135	0.3467
4136	0.3467
4137	0.3467
4138	0.3467
4139	2.435
414	0.335
4140	0.8717
4141	0.7783
4142	0.755
4143	0.755
4144	0.755
4145	0.755
4146	0.755
4147	0.755
4148	0.755
4149	0.755
415	0.3269
4150	0.755
4151	0.7783
4152	0.8133
4153	2.3183
4154	0.65
4155	0.65
4156	0.65
4157	0.65
4158	0.65
4159	0.65
416	1.5177
4160	0.3143
4161	0.3143
4162	0.3143
4163	0.3143
4164	0.3143
4165	0.3143
4166	0.3143
4167	0.3143
4168	0.3143
4169	0.3143
417	0.37
4170	0.3143
4171	0.3143
4172	0.3143
4173	0.3143
4174	0.3143
4175	0.3143
4176	0.3143
4177	0.3143
4178	0.3143
4179	0.3143
418	0.37
4180	0.3143
4181	0.3143
4182	0.3143
4183	0.3143
4184	0.3143
4185	0.3143
4186	0.3143
4187	0.3143
4188	0.3143
4189	0.3143
419	0.37
4190	0.3143
4191	0.3143
4192	0.3143
4193	0.3143
4194	0.3143
4195	0.3143
4196	0.3143
4197	0.3143
4198	0.3143
4199	0.3143
42	1.7379
420	0.37
4200	0.3143
4201	0.3143
4202	0.3143
4203	0.3143
4204	0.3143
4205	0.3143
4206	0.3143
4207	0.3143
4208	0.3123
4209	0.3123
421	0.37
4210	0.3123
4211	0.3123
4212	0.3123
4213	0.3123
4214	0.3123
4215	0.3123
4216	0.3123
4217	0.3123
4218	0.3123
4219	0.3123
422	0.37
4220	0.3123
4221	0.3123
4222	0.3123
4223	0.3123
4224	0.3123
4225	0.3123
4226	0.3123
4227	0.3123
4228	0.3123
4229	0.3123
423	0.37
4230	0.3123
4231	0.3123
4232	0.3123
4233	0.3123
4234	0.3123
4235	0.3123
4236	0.3123
4237	0.3123
4238	0.3123
4239	0.3123
424	0.37
4240	0.3123
4241	0.3123
4242	0.3123
4243	0.3123
4244	0.3123
4245	0.3123
4246	0.3123
4247	0.3123
4248	0.3123
4249	0.3123
425	40.8232
4250	0.3123
4251	0.3123
4252	0.3123
4253	0.3123
4254	0.3123
4255	0.3123
4256	0.3123
4257	0.3123
4258	0.3123
4259	0.3123
426	1.8973
4260	0.3123
4261	0.3123
4262	0.3123
4263	0.3123
4264	0.3121
4265	0.3121
4266	0.3121
4267	0.3121
4268	0.3121
4269	0.3121
427	1.1539
4270	0.3121
4271	0.3121
4272	0.3121
4273	0.3121
4274	0.3121
4275	0.3121
4276	0.3121
4277	0.3121
4278	0.3121
4279	0.3121
428	0.3625
4280	0.3121
4281	0.3121
4282	0.3121
4283	0.3121
4284	0.3121
4285	0.3121
4286	0.3121
4287	0.3121
4288	0.3121
4289	0.3121
429	0.65
4290	0.3121
4291	0.3121
4292	0.3121
4293	0.3121
4294	0.3121
4295	0.3121
4296	0.3121
4297	0.3121
4298	0.3121
4299	0.3121
43	16.8643
430	8.6183
4300	0.3121
4301	0.3121
4302	0.3121
4303	0.3121
4304	0.3121
4305	0.3121
4306	0.3121
4307	0.3121
4308	0.3121
4309	0.3121
431	0.3333
4310	0.3121
4311	0.3121
4312	0.3121
4313	0.3121
4314	0.3121
4315	0.3121
4316	0.3121
4317	0.3121
4318	0.3121
4319	0.3121
432	0.4615
4320	0.3121
4321	0.3121
4322	0.3121
4323	0.3121
4324	0.3121
4325	0.3121
4326	0.3121
4327	0.3121
4328	0.3121
4329	0.3121
433	0.3837
4330	0.3121
4331	0.3121
4332	0.3121
4333	0.3121
4334	0.3121
4335	0.3121
4336	0.3121
4337	0.3121
4338	0.3121
4339	0.3121
434	0.3837
4340	0.3121
4341	0.3121
4342	0.3121
4343	0.3121
4344	0.3121
4345	0.3121
4346	0.3121
4347	0.3121
4348	0.3121
4349	0.3121
435	0.3241
4350	0.3121
4351	0.3121
4352	0.3121
4353	0.3121
4354	0.3121
4355	0.3121
4356	0.3121
4357	0.3121
4358	0.3121
4359	0.3121
436	0.3241
4360	0.3121
4361	0.3121
4362	0.3121
4363	0.3121
4364	0.3121
4365	0.3121
4366	0.3121
4367	0.3121
4368	0.3121
4369	0.3121
437	0.3241
4370	0.3121
4371	0.3121
4372	0.3121
4373	0.3121
4374	0.3121
4375	0.3121
4376	0.3121
4377	0.3121
4378	0.3119
4379	0.3119
438	0.3241
4380	0.3119
4381	0.3119
4382	0.3119
4383	0.3119
4384	0.3119
4385	0.3119
4386	0.3119
4387	0.3119
4388	0.3119
4389	0.3119
439	0.3241
4390	0.3119
4391	0.3119
4392	0.3119
4393	0.3119
4394	0.3119
4395	0.3119
4396	0.3119
4397	0.3119
4398	0.3119
4399	0.3119
44	7.6209
440	0.7908
4400	0.3119
4401	0.3119
4402	0.3119
4403	0.3119
4404	0.3119
4405	0.3119
4406	0.3119
4407	0.3119
4408	0.3119
4409	0.3119
441	0.475
4410	0.3119
4411	0.3119
4412	0.3119
4413	0.3119
4414	0.3119
4415	0.3119
4416	0.3119
4417	0.3119
4418	0.3119
4419	0.3119
442	0.615
4420	0.3119
4421	0.3119
4422	0.3119
4423	0.3119
4424	0.3119
4425	0.3119
4426	0.3119
4427	0.3119
4428	0.3119
4429	0.3119
443	0.615
4430	0.3119
4431	0.3119
4432	0.3119
4433	0.3119
4434	0.3119
4435	0.3119
4436	0.4458
4437	0.4458
4438	0.3583
4439	0.4458
444	0.615
4440	0.4458
4441	0.4458
4442	0.4458
4443	0.3583
4444	0.3583
4445	0.3583
4446	0.3875
4447	0.7375
4448	1.0067
4449	1.0053
445	0.3333
4450	1.0
4451	1.7
4452	0.5333
4453	0.5333
4454	0.5333
4455	0.3875
4456	0.3875
4457	0.3875
4458	2.3008
4459	0.3875
446	0.4381
4460	1.0875
4461	1.0875
4462	1.0875
4463	0.3333
4464	0.3333
4465	0.3333
4466	0.3333
4467	0.3333
4468	0.3333
4469	0.3333
447	0.3333
4470	0.3333
4471	0.3333
4472	0.3333
4473	0.3333
4474	0.3333
4475	0.3333
4476	0.3333
4477	0.3333
4478	0.3333
4479	0.3333
448	0.6744
4480	0.3333
4481	0.3333
4482	0.3333
4483	1.0
4484	3.1
4485	1.0
4486	0.3143
4487	0.3143
4488	0.3143
4489	0.3143
449	1.7667
4490	0.3143
4491	0.3143
4492	0.3143
4493	0.3143
4494	0.3143
4495	0.3143
4496	0.3143
4497	0.3143
4498	0.3143
4499	0.3143
45	0.7846
450	1.9224
4500	0.3143
4501	0.3143
4502	0.3143
4503	0.3143
4504	0.3143
4505	0.3143
4506	0.3143
4507	0.3143
4508	0.3143
4509	0.3143
451	1.3627
4510	0.3143
4511	0.3143
4512	0.3143
4513	0.3143
4514	0.3143
4515	0.3143
4516	0.3143
4517	0.3143
4518	0.3143
4519	0.3143
452	0.3445
4520	0.3143
4521	0.3143
4522	0.3143
4523	0.3143
4524	0.3143
4525	0.3143
4526	0.3143
4527	0.3143
4528	0.3143
4529	0.3143
453	0.3212
4530	0.3143
4531	0.3143
4532	0.3143
4533	0.3143
4534	0.3123
4535	0.3123
4536	0.3123
4537	0.3123
4538	0.3123
4539	0.3123
454	0.3212
4540	0.3123
4541	0.3123
4542	0.3123
4543	0.3123
4544	0.3123
4545	0.3123
4546	0.3123
4547	0.3123
4548	0.3123
4549	0.3123
455	0.3212
4550	0.3123
4551	0.3123
4552	0.3123
4553	0.3123
4554	0.3123
4555	0.3123
4556	0.3123
4557	0.3123
4558	0.3123
4559	0.3123
456	0.3212
4560	0.3123
4561	0.3123
4562	0.3123
4563	0.3123
4564	0.3123
4565	0.3123
4566	0.3123
4567	0.3123
4568	0.3123
4569	0.3123
457	1.0269
4570	0.3123
4571	0.3123
4572	0.3123
4573	0.3123
4574	0.3123
4575	0.3123
4576	0.3123
4577	0.3123
4578	0.3123
4579	0.3123
458	1.0269
4580	0.3123
4581	0.3123
4582	0.3123
4583	0.3123
4584	0.3123
4585	0.3123
4586	0.3123
4587	0.3123
4588	0.3123
4589	0.3123
459	1.0269
4590	0.3121
4591	0.3121
4592	0.3121
4593	0.3121
4594	0.3121
4595	0.3121
4596	0.3121
4597	0.3121
4598	0.3121
4599	0.3121
46	2.6532
460	0.9731
4600	0.3121
4601	0.3121
4602	0.3121
4603	0.3121
4604	0.3121
4605	0.3121
4606	0.3121
4607	0.3121
4608	0.3121
4609	0.3121
461	1.0269
4610	0.3121
4611	0.3121
4612	0.3121
4613	0.3121
4614	0.3121
4615	0.3121
4616	0.3121
4617	0.3121
4618	0.3121
4619	0.3121
462	1.0308
4620	0.3121
4621	0.3121
4622	0.3121
4623	0.3121
4624	0.3121
4625	0.3121
4626	0.3121
4627	0.3121
4628	0.3121
4629	0.3121
463	1.0308
4630	0.3121
4631	0.3121
4632	0.3121
4633	0.3121
4634	0.3121
4635	0.3121
4636	0.3121
4637	0.3121
4638	0.3121
4639	0.3121
464	1.0308
4640	0.3121
4641	0.3121
4642	0.3121
4643	0.3121
4644	0.3121
4645	0.3121
4646	0.3121
4647	0.3121
4648	0.3121
4649	0.3121
465	1.0269
4650	0.3121
4651	0.3121
4652	0.3121
4653	0.3121
4654	0.3121
4655	0.3121
4656	0.3121
4657	0.3121
4658	0.3121
4659	0.3121
466	1.0269
4660	0.3121
4661	0.3121
4662	0.3121
4663	0.3121
4664	0.3121
4665	0.3121
4666	0.3121
4667	0.3121
4668	0.3121
4669	0.3121
467	1.0808
4670	0.3121
4671	0.3121
4672	0.3121
4673	0.3121
4674	0.3121
4675	0.3121
4676	0.3121
4677	0.3121
4678	0.3121
4679	0.3121
468	1.0808
4680	0.3121
4681	0.3121
4682	0.3121
4683	0.3121
4684	0.3121
4685	0.3121
4686	0.3121
4687	0.3121
4688	0.3121
4689	0.3121
469	0.4284
4690	0.3121
4691	0.3121
4692	0.3121
4693	0.3121
4694	0.3121
4695	0.3121
4696	0.3121
4697	0.3121
4698	0.3121
4699	0.3121
47	0.5352
470	0.4144
4700	0.3121
4701	0.3121
4702	0.3121
4703	0.3121
4704	0.3119
4705	0.3119
4706	0.3119
4707	0.3119
4708	0.3119
4709	0.3119
471	0.4144
4710	0.3119
4711	0.3119
4712	0.3119
4713	0.3119
4714	0.3119
4715	0.3119
4716	0.3119
4717	0.3119
4718	0.3119
4719	0.3119
472	0.4144
4720	0.3119
4721	0.3119
4722	0.3119
4723	0.3119
4724	0.3119
4725	0.3119
4726	0.3119
4727	0.3119
4728	0.3119
4729	0.3119
473	0.3995
4730	0.3119
4731	0.3119
4732	0.3119
4733	0.3119
4734	0.3119
4735	0.3119
4736	0.3119
4737	0.3119
4738	0.3119
4739	0.3119
474	5.9412
4740	0.3119
4741	0.3119
4742	0.3119
4743	0.3119
4744	0.3119
4745	0.3119
4746	0.3119
4747	0.3119
4748	0.3119
4749	0.3119
475	1.3912
4750	0.3119
4751	0.3119
4752	0.3119
4753	0.3119
4754	0.3119
4755	0.3119
4756	0.3119
4757	0.3119
4758	0.3119
4759	0.3119
476	0.3412
4760	0.3119
4761	0.3119
4762	0.4458
4763	0.4458
4764	0.3583
4765	0.4458
4766	0.4458
4767	0.4458
4768	0.4458
4769	0.3583
477	0.3561
4770	0.3583
4771	0.3583
4772	0.3875
4773	0.7375
4774	0.4636
4775	0.4
4776	0.65
4777	0.65
4778	0.4025
4779	0.4025
478	0.3561
4780	0.4025
4781	0.3389
4782	0.3389
4783	0.3389
4784	0.4389
4785	0.4789
4786	0.4789
4787	0.5839
4788	0.5839
4789	0.3389
479	0.4401
4790	0.4089
4791	0.3389
4792	0.4089
4793	0.55
4794	0.35
4795	0.35
4796	0.35
4797	0.35
4798	0.35
4799	1.9833
48	0.972
480	0.4851
4800	0.35
4801	0.3778
4802	0.4
4803	0.4
4804	0.4
4805	1.0
4806	2.4319
4807	0.65
4808	0.65
4809	1.0
481	0.4369
4810	2.85
4811	1.0
4812	1.9333
4813	0.37
4814	0.3778
4815	1.0583
4816	0.3583
4817	0.3583
4818	0.3583
4819	1.0583
482	0.6967
4820	0.3583
4821	0.4
4822	0.4
4823	0.4
4824	0.4
4825	0.4
4826	0.4
4827	0.4
4828	1.0
4829	1.0
483	0.4342
4830	0.65
4831	0.5333
4832	0.5333
4833	0.44
4834	0.44
4835	0.44
4836	0.44
4837	0.44
4838	1.0
4839	0.4167
484	0.4342
4840	0.5333
4841	0.5333
4842	0.5333
4843	0.65
4844	1.175
4845	0.475
4846	0.475
4847	0.475
4848	0.5625
4849	0.5625
485	0.3817
4850	0.5625
4851	0.3875
4852	0.3875
4853	0.3875
4854	1.0
4855	1.0
4856	1.0
4857	0.3778
4858	0.3778
4859	0.3778
486	0.3467
4860	0.5333
4861	0.5333
4862	3.1
4863	0.3684
4864	0.3684
4865	0.5959
4866	0.3684
4867	1.0684
4868	0.5434
4869	0.5959
487	0.3467
4870	0.5959
4871	0.3132
4872	0.3132
4873	0.3132
4874	0.3132
4875	0.3132
4876	0.3132
4877	0.3132
4878	0.3132
4879	0.3132
488	0.3467
4880	0.3132
4881	0.3132
4882	0.3132
4883	0.3132
4884	0.3132
4885	0.3132
4886	0.3132
4887	0.3132
4888	0.3132
4889	0.3132
489	0.3467
4890	0.3132
4891	0.3132
4892	0.3132
4893	0.3132
4894	0.3132
4895	0.3132
4896	0.3132
4897	0.3132
4898	0.3132
4899	0.3132
49	0.356
490	0.3467
4900	0.3132
4901	0.3132
4902	0.3132
4903	0.3132
4904	0.3132
4905	0.3132
4906	0.3132
4907	0.3132
4908	0.3132
4909	0.3132
491	0.3467
4910	0.3132
4911	0.3132
4912	0.3132
4913	0.3132
4914	0.3132
4915	0.3132
4916	0.3132
4917	0.3132
4918	0.3132
4919	0.3132
492	0.8367
4920	0.3132
4921	0.3132
4922	0.3132
4923	0.3132
4924	0.44
4925	0.44
4926	0.44
4927	0.44
4928	0.44
4929	1.0
493	0.3467
4930	0.4
4931	0.4
4932	0.4
4933	0.4
4934	0.4
4935	0.4
4936	0.4
4937	0.3194
4938	0.3194
4939	0.3194
494	0.3333
4940	0.3194
4941	0.3194
4942	0.3194
4943	0.3194
4944	0.3194
4945	0.3194
4946	0.3194
4947	0.3194
4948	0.3194
4949	0.3194
495	0.3333
4950	0.3194
4951	0.3194
4952	0.3194
4953	0.3194
4954	0.3194
4955	0.3194
4956	0.3194
4957	0.3194
4958	0.3194
4959	0.3194
496	0.5667
4960	0.3194
4961	0.3194
4962	0.3194
4963	0.5528
4964	0.3194
4965	0.3194
4966	0.3194
4967	0.3194
4968	0.3194
4969	0.3194
497	0.3333
4970	0.3194
4971	0.3194
4972	0.3212
4973	0.3212
4974	0.3212
4975	0.3212
4976	0.3212
4977	0.3212
4978	0.3212
4979	0.3212
498	1.0961
4980	0.3212
4981	0.3212
4982	0.3212
4983	0.3212
4984	0.3212
4985	0.3212
4986	0.3212
4987	0.3212
4988	0.3212
4989	0.3212
499	0.4017
4990	0.3212
4991	0.3212
4992	0.3212
4993	0.3212
4994	0.3212
4995	0.3212
4996	0.3212
4997	0.3212
4998	0.3212
4999	0.3212
5	0.3292
50	0.356
500	0.3583
5000	0.3212
5001	1.07
5002	1.07
5003	1.07
5004	1.07
5005	1.07
5006	1.07
5007	1.07
5008	0.44
5009	0.44
501	0.4167
5010	0.44
5011	0.44
5012	0.44
5013	0.44
5014	0.44
5015	0.44
5016	0.44
5017	0.44
5018	0.44
5019	0.44
502	0.4433
5020	0.44
5021	0.44
5022	0.44
5023	0.44
5024	0.44
5025	0.44
5026	0.44
5027	0.44
5028	0.44
5029	0.44
503	0.3389
5030	0.44
5031	0.44
5032	0.44
5033	0.5333
5034	0.5333
5035	0.65
5036	0.3467
5037	0.3467
5038	0.3467
5039	0.3467
504	0.3389
5040	0.3467
5041	0.3467
5042	0.3467
5043	0.3467
5044	0.3467
5045	0.3467
5046	0.3467
5047	0.3467
5048	0.3467
5049	0.3467
505	0.4257
5050	0.3467
5051	2.435
5052	0.8717
5053	0.7783
5054	0.755
5055	0.755
5056	0.755
5057	0.755
5058	0.755
5059	0.755
506	0.7413
5060	0.755
5061	0.755
5062	0.755
5063	0.7783
5064	0.8133
5065	2.3183
5066	0.65
5067	0.65
5068	0.65
5069	0.65
507	0.7413
5070	0.65
5071	0.65
5072	7.4167
5073	0.965
5074	0.825
5075	0.7667
5076	0.7667
5077	0.7667
5078	0.7667
5079	0.7667
508	0.7413
5080	0.7667
5081	0.7667
5082	0.7667
5083	0.7667
5084	0.7667
5085	0.7667
5086	0.7667
5087	0.7667
5088	0.7667
5089	0.7667
509	0.7413
5090	0.7667
5091	0.7667
5092	0.7667
5093	0.7667
5094	0.7667
5095	0.7667
5096	0.7667
5097	0.7667
5098	0.7667
5099	0.7667
51	0.3
510	0.7413
5100	0.7667
5101	0.7667
5102	0.7667
5103	0.7667
5104	0.7667
5105	0.7667
5106	0.7667
5107	0.7667
5108	0.7667
5109	0.7667
511	0.7413
5110	0.8483
5111	0.65
5112	5.8417
5113	0.965
5114	0.825
5115	0.7667
5116	0.7667
5117	0.7667
5118	0.7667
5119	0.7667
512	0.7413
5120	0.7667
5121	0.7667
5122	0.7667
5123	0.7667
5124	0.7667
5125	0.7667
5126	0.7667
5127	0.7667
5128	0.7667
5129	0.7667
513	0.7413
5130	0.7667
5131	0.7667
5132	0.7667
5133	0.7667
5134	0.7667
5135	0.7667
5136	0.7667
5137	0.7667
5138	0.7667
5139	0.7667
514	0.7413
5140	0.7667
5141	0.8483
5142	0.65
5143	2.1667
5144	0.965
5145	0.825
5146	0.7667
5147	0.7667
5148	0.7667
5149	0.7667
515	0.7413
5150	0.7667
5151	0.8483
5152	0.65
5153	4.2667
5154	0.965
5155	0.825
5156	0.7667
5157	0.7667
5158	0.7667
5159	0.7667
516	0.7413
5160	0.7667
5161	0.7667
5162	0.7667
5163	0.7667
5164	0.7667
5165	0.7667
5166	0.7667
5167	0.7667
5168	0.7667
5169	0.7667
517	0.7427
5170	0.7667
5171	0.7667
5172	0.7667
5173	0.8483
5174	0.65
5175	6.3667
5176	0.965
5177	0.825
5178	0.7667
5179	0.7667
518	0.7413
5180	0.7667
5181	0.7667
5182	0.7667
5183	0.7667
5184	0.7667
5185	0.7667
5186	0.7667
5187	0.7667
5188	0.7667
5189	0.7667
519	0.4389
5190	0.7667
5191	0.7667
5192	0.7667
5193	0.7667
5194	0.7667
5195	0.7667
5196	0.7667
5197	0.7667
5198	0.7667
5199	0.7667
52	18.7681
520	0.4389
5200	0.7667
5201	0.7667
5202	0.7667
5203	0.7667
5204	0.7667
5205	0.7667
5206	0.7667
5207	0.8483
5208	0.65
5209	3.3917
521	0.3318
5210	0.965
5211	0.825
5212	0.7667
5213	0.7667
5214	0.7667
5215	0.7667
5216	0.7667
5217	0.7667
5218	0.7667
5219	0.7667
522	0.3652
5220	0.7667
5221	0.7667
5222	0.7667
5223	0.7667
5224	0.8483
5225	0.65
5226	5.3167
5227	0.965
5228	0.825
5229	0.7667
523	0.4002
5230	0.7667
5231	0.7667
5232	0.7667
5233	0.7667
5234	0.7667
5235	0.7667
5236	0.7667
5237	0.7667
5238	0.7667
5239	0.7667
524	0.3652
5240	0.7667
5241	0.7667
5242	0.7667
5243	0.7667
5244	0.7667
5245	0.7667
5246	0.7667
5247	0.7667
5248	0.7667
5249	0.7667
525	0.3652
5250	0.7667
5251	0.7667
5252	0.8483
5253	0.65
5254	9.6917
5255	0.965
5256	0.825
5257	0.7667
5258	0.7667
5259	0.7667
526	2.7657
5260	0.7667
5261	0.7667
5262	0.7667
5263	0.7667
5264	0.7667
5265	0.7667
5266	0.7667
5267	0.7667
5268	0.7667
5269	0.7667
527	0.6786
5270	0.7667
5271	0.7667
5272	0.7667
5273	0.7667
5274	0.7667
5275	0.7667
5276	0.7667
5277	0.7667
5278	0.7667
5279	0.7667
528	0.6142
5280	0.7667
5281	0.7667
5282	0.7667
5283	0.7667
5284	0.7667
5285	0.7667
5286	0.7667
5287	0.7667
5288	0.7667
5289	0.7667
529	0.4313
5290	0.7667
5291	0.7667
5292	0.7667
5293	0.7667
5294	0.7667
5295	0.7667
5296	0.7667
5297	0.7667
5298	0.7667
5299	0.7667
53	3.9296
530	0.4313
5300	0.7667
5301	0.7667
5302	0.7667
5303	0.7667
5304	0.7667
5305	0.8483
5306	0.65
5307	4.7917
5308	0.965
5309	0.825
531	0.3368
5310	0.7667
5311	0.7667
5312	0.7667
5313	0.7667
5314	0.7667
5315	0.7667
5316	0.7667
5317	0.7667
5318	0.7667
5319	0.7667
532	1.778
5320	0.7667
5321	0.7667
5322	0.7667
5323	0.7667
5324	0.7667
5325	0.7667
5326	0.7667
5327	0.7667
5328	0.7667
5329	0.7667
533	0.3368
5330	0.8483
5331	0.65
5332	3.0417
5333	0.965
5334	0.825
5335	0.7667
5336	0.7667
5337	0.7667
5338	0.7667
5339	0.7667
534	0.3368
5340	0.7667
5341	0.7667
5342	0.7667
5343	0.7667
5344	0.7667
5345	0.8483
5346	0.65
5347	3.0417
5348	0.965
5349	0.825
535	0.3368
5350	0.7667
5351	0.7667
5352	0.7667
5353	0.7667
5354	0.7667
5355	0.7667
5356	0.7667
5357	0.7667
5358	0.7667
5359	0.7667
536	1.5807
5360	0.8483
5361	0.65
5362	0.44
5363	0.44
5364	0.44
5365	0.44
5366	0.44
5367	0.44
5368	0.44
5369	0.44
537	1.5807
5370	0.44
5371	0.44
5372	0.44
5373	0.44
5374	0.44
5375	0.44
5376	0.44
5377	1.0
5378	0.65
5379	0.6567
538	2.2807
5380	0.65
5381	0.6553
5382	0.3467
5383	0.3467
5384	0.3467
5385	0.3467
5386	0.3467
5387	0.3467
5388	0.3467
5389	0.3467
539	1.5969
5390	0.3467
5391	0.3467
5392	0.3467
5393	0.3467
5394	0.3467
5395	0.3467
5396	0.3467
5397	2.435
5398	0.8717
5399	0.7783
54	2.1323
540	1.5807
5400	0.755
5401	0.755
5402	0.755
5403	0.755
5404	0.755
5405	0.755
5406	0.755
5407	0.755
5408	0.755
5409	0.7783
541	1.5969
5410	0.8133
5411	2.3183
5412	0.65
5413	0.65
5414	0.65
5415	0.65
5416	0.65
5417	0.65
5418	0.3778
5419	0.3778
542	1.5807
5420	0.3778
5421	1.0
5422	0.3875
5423	0.3875
5424	0.5333
5425	0.5333
5426	0.3778
5427	0.3778
5428	0.3778
5429	0.5
543	1.5171
5430	0.5
5431	0.5
5432	0.6
5433	0.6
5434	0.6
5435	7.1917
5436	0.65
5437	0.65
5438	1.0
5439	0.475
544	1.5807
5440	0.475
5441	0.475
5442	0.5333
5443	0.5333
5444	0.5333
5445	0.5333
5446	0.5333
5447	0.65
5448	0.65
5449	1.7319
545	1.6041
5450	1.7319
5451	1.7319
5452	1.7319
5453	1.8486
5454	1.7708
5455	0.825
5456	4.325
5457	0.475
5458	0.475
5459	1.0
546	1.5807
5460	0.3636
5461	0.3636
5462	0.3636
5463	0.3636
5464	0.65
5465	0.65
5466	0.5333
5467	0.5333
5468	4.5
5469	1.0
547	0.5896
5470	1.0
5471	1.0
5472	0.3875
5473	0.3875
5474	0.3875
5475	0.3875
5476	0.3875
5477	0.3875
5478	0.3875
5479	0.3875
548	0.3389
5480	0.5333
5481	0.5333
5482	0.5333
5483	1.7
5484	1.0
5485	0.65
5486	0.475
5487	0.475
5488	0.475
5489	0.475
549	0.475
5490	0.4575
5491	0.3875
5492	0.475
5493	0.475
5494	0.4179
5495	0.4575
5496	0.4575
5497	2.575
5498	0.475
5499	0.475
55	1.9535
550	0.335
5500	0.475
5501	0.475
5502	1.0
5503	0.5333
5504	0.5333
5505	0.5333
5506	0.3778
5507	0.3778
5508	0.3778
5509	1.0
551	0.3739
5510	1.3879
5511	0.44
5512	0.475
5513	1.0
5514	0.5333
5515	0.5333
5516	0.65
5517	0.65
5518	0.5333
5519	0.5333
552	0.335
5520	0.5333
5521	1.0
5522	1.0
5523	3.0417
5524	0.965
5525	0.825
5526	0.7667
5527	0.7667
5528	0.7667
5529	0.7667
553	0.3654
5530	0.7667
5531	0.7667
5532	0.7667
5533	0.7667
5534	0.7667
5535	0.7667
5536	0.8483
5537	0.65
5538	0.44
5539	0.44
554	0.4942
5540	0.44
5541	0.44
5542	0.44
5543	0.44
5544	0.44
5545	0.44
5546	0.44
5547	0.44
5548	0.44
5549	0.44
555	0.4971
5550	0.44
5551	0.44
5552	0.44
5553	0.3067
5554	0.3067
5555	0.3067
5556	0.3067
5557	0.3067
5558	0.3067
5559	0.3067
556	0.4971
5560	0.3067
5561	0.3067
5562	0.3067
5563	0.3067
5564	0.3067
5565	0.3067
5566	0.3067
5567	0.3067
5568	0.3067
5569	0.3067
557	1.0
5570	0.3067
5571	0.3067
5572	0.3067
5573	0.3067
5574	0.3067
5575	0.3067
5576	0.3067
5577	0.3067
5578	0.3067
5579	0.3067
558	0.4167
5580	0.3067
5581	0.3067
5582	0.3067
5583	0.3067
5584	0.3067
5585	0.3067
5586	0.3067
5587	0.3067
5588	0.3067
5589	0.3067
559	0.4167
5590	0.3067
5591	0.3067
5592	0.3067
5593	0.3067
5594	0.3067
5595	0.3067
5596	0.3067
5597	0.3067
5598	0.3067
5599	0.3067
56	1.9783
560	0.4167
5600	0.3067
5601	0.3067
5602	0.3067
5603	0.3067
5604	0.3067
5605	0.3067
5606	0.3067
5607	0.3067
5608	0.3067
5609	0.3067
561	0.44
5610	0.3067
5611	0.3067
5612	0.3067
5613	0.3067
5614	0.3067
5615	0.3067
5616	0.3067
5617	0.3067
5618	0.3067
5619	0.3067
562	0.44
5620	0.3067
5621	0.3067
5622	0.3067
5623	0.3067
5624	0.3067
5625	0.3067
5626	0.3067
5627	0.3067
5628	0.3067
5629	0.3067
563	0.44
5630	0.3067
5631	0.3067
5632	0.3067
5633	0.3067
5634	0.3067
5635	0.3067
5636	0.3067
5637	0.3067
5638	0.3067
5639	0.3067
564	0.44
5640	0.3067
5641	0.3067
5642	0.3067
5643	0.3067
5644	0.3067
5645	0.3067
5646	0.3067
5647	0.3067
5648	0.3067
5649	0.3067
565	0.475
5650	0.3067
5651	0.3067
5652	0.3067
5653	0.3067
5654	0.3067
5655	0.3053
5656	0.3053
5657	0.3053
5658	0.3053
5659	0.3053
566	0.328
5660	0.3053
5661	0.3053
5662	0.3053
5663	0.3053
5664	0.3053
5665	0.3053
5666	0.3053
5667	0.3053
5668	0.3053
5669	0.3053
567	0.3429
5670	0.3053
5671	0.3053
5672	0.3053
5673	0.3053
5674	0.3053
5675	0.3053
5676	0.3053
5677	0.3053
5678	0.3053
5679	0.3053
568	0.3429
5680	0.3053
5681	0.3053
5682	0.3053
5683	0.3053
5684	0.3053
5685	0.3053
5686	0.3053
5687	0.3053
5688	0.3053
5689	0.3053
569	0.4112
5690	0.3053
5691	0.3053
5692	0.3053
5693	0.3053
5694	0.3053
5695	0.3053
5696	0.3053
5697	0.3053
5698	0.3053
5699	0.3053
57	2.4846
570	0.3429
5700	0.3053
5701	0.3053
5702	0.3053
5703	0.3053
5704	0.3053
5705	0.3053
5706	0.3053
5707	0.3053
5708	0.3053
5709	0.3053
571	0.328
5710	0.3053
5711	0.3053
5712	0.3053
5713	0.3053
5714	0.3053
5715	0.3053
5716	0.3053
5717	0.3053
5718	0.3053
5719	0.3053
572	0.328
5720	0.3053
5721	0.3053
5722	0.3053
5723	0.3053
5724	0.3053
5725	0.3053
5726	0.3053
5727	0.3053
5728	0.3053
5729	0.3053
573	0.328
5730	0.3053
5731	0.3053
5732	0.3053
5733	0.3053
5734	0.3053
5735	0.3053
5736	0.3053
5737	0.3053
5738	0.3053
5739	0.3053
574	0.328
5740	0.3053
5741	0.3053
5742	0.3053
5743	0.3053
5744	0.3053
5745	0.3053
5746	0.3053
5747	0.3053
5748	0.3053
5749	0.3053
575	0.328
5750	0.3053
5751	0.3053
5752	0.3053
5753	0.3053
5754	0.3053
5755	0.3053
5756	0.3053
5757	0.3053
5758	0.3053
5759	0.3053
576	0.328
5760	0.3053
5761	0.3053
5762	0.3053
5763	0.3053
5764	0.3053
5765	0.3053
5766	0.3053
5767	0.3053
5768	0.3053
5769	0.3053
577	0.328
5770	0.3053
5771	0.3053
5772	0.3053
5773	0.3053
5774	0.3053
5775	0.3053
5776	0.3053
5777	0.3053
5778	0.3053
5779	0.3053
578	2.74
5780	0.3053
5781	0.3053
5782	0.3053
5783	0.3053
5784	0.3053
5785	3.0417
5786	0.965
5787	0.825
5788	0.7667
5789	0.7667
579	0.44
5790	0.7667
5791	0.7667
5792	0.7667
5793	0.7667
5794	0.7667
5795	0.7667
5796	0.7667
5797	0.7667
5798	0.8483
5799	0.65
58	1.9548
580	0.44
5800	0.44
5801	0.44
5802	0.44
5803	0.44
5804	0.44
5805	0.44
5806	0.44
5807	0.44
5808	0.44
5809	0.44
581	0.475
5810	0.44
5811	0.44
5812	0.44
5813	0.44
5814	0.44
5815	0.5333
5816	0.5333
5817	0.4
5818	1.0
5819	0.5333
582	0.3683
5820	0.65
5821	0.65
5822	0.3778
5823	1.0778
5824	0.4167
5825	1.0
5826	0.4
5827	0.4
5828	0.75
5829	0.4
583	0.3683
5830	0.4
5831	0.4
5832	1.0
5833	1.0
5834	1.0
5835	0.4
5836	0.4
5837	0.4
5838	0.4
5839	0.4
584	0.335
5840	0.4
5841	0.4
5842	0.65
5843	0.65
5844	0.65
5845	0.3304
5846	0.3304
5847	0.3304
5848	0.4179
5849	0.3304
585	0.835
5850	0.3304
5851	0.3304
5852	0.3304
5853	0.3304
5854	0.3304
5855	0.3304
5856	0.4179
5857	0.3304
5858	0.4179
5859	0.3304
586	0.3683
5860	0.4179
5861	0.3304
5862	0.4179
5863	0.3304
5864	0.3304
5865	0.3304
5866	0.4179
5867	1.0
5868	0.3259
5869	0.3259
587	1.035
5870	0.3259
5871	0.3259
5872	0.3259
5873	0.3259
5874	0.3259
5875	1.0259
5876	0.3259
5877	1.0259
5878	0.3259
5879	0.3259
588	0.335
5880	0.3259
5881	0.3259
5882	0.3259
5883	0.3259
5884	0.3259
5885	0.3259
5886	0.3259
5887	0.3259
5888	0.3259
5889	0.3259
589	0.3412
5890	0.3259
5891	0.3259
5892	0.3317
5893	1.0171
5894	0.3317
5895	0.3317
5896	0.3317
5897	0.3317
5898	0.3317
5899	0.3317
59	1.9503
590	0.3412
5900	0.3317
5901	0.3317
5902	0.3317
5903	0.3317
5904	0.3317
5905	0.3317
5906	0.3317
5907	0.3317
5908	0.3317
5909	0.3317
591	0.3412
5910	0.3317
5911	0.3317
5912	0.3317
5913	0.3171
5914	0.3317
5915	0.3317
5916	0.3317
5917	0.3317
5918	0.3317
5919	0.3171
592	0.3412
5920	1.0
5921	0.65
5922	0.3875
5923	0.3875
5924	0.3875
5925	0.3875
5926	0.3875
5927	0.3875
5928	0.3875
5929	0.3875
593	1.0
5930	1.0
5931	1.0
5932	1.0
5933	1.0
5934	1.0
5935	1.0
5936	0.6889
5937	0.65
5938	0.65
5939	1.0
594	0.706
5940	0.37
5941	0.37
5942	0.37
5943	0.37
5944	0.37
5945	0.37
5946	0.37
5947	0.3875
5948	1.0875
5949	0.3875
595	0.328
5950	0.3875
5951	1.0
5952	0.65
5953	0.7667
5954	1.0
5955	1.5833
5956	1.0
5957	1.0
5958	0.3146
5959	0.3146
596	0.328
5960	0.3146
5961	0.3146
5962	0.3146
5963	0.3146
5964	0.3146
5965	0.3146
5966	0.3146
5967	0.3146
5968	0.4167
5969	0.4167
597	0.328
5970	0.4167
5971	0.4167
5972	0.4167
5973	0.4167
5974	1.0
5975	0.3875
5976	0.6889
5977	0.6889
5978	0.3389
5979	0.3389
598	0.4433
5980	0.3389
5981	0.3389
5982	0.3389
5983	0.3389
5984	0.3389
5985	0.3389
5986	0.3389
5987	0.3389
5988	0.3389
5989	0.3389
599	0.3467
5990	0.3389
5991	0.3389
5992	1.0
5993	0.3875
5994	0.3875
5995	0.3875
5996	0.4167
5997	0.4167
5998	0.4167
5999	0.4167
6	0.3292
60	1.8044
600	0.3304
6000	0.4167
6001	0.5333
6002	0.5333
6003	0.6333
6004	0.8833
6005	1.0
6006	0.4
6007	0.4
6008	0.4
6009	0.4
601	0.3304
6010	0.4
6011	0.4
6012	0.5333
602	0.3304
603	0.3304
604	0.3304
605	0.3304
606	0.3304
607	0.3304
608	0.3304
609	0.3304
61	17.2296
610	0.3304
611	0.65
612	0.8833
613	0.5438
614	0.8774
615	0.3318
616	0.5068
617	0.3467
618	0.3467
619	0.3467
62	0.9701
620	0.65
621	6.7605
622	0.4655
623	0.4605
624	0.4536
625	0.3967
626	0.3967
627	0.65
628	0.58
629	0.58
63	2.569
630	12.5925
631	0.9767
632	0.3389
633	0.3389
634	0.3389
635	0.3389
636	0.3389
637	0.3389
638	0.3318
639	0.3318
64	1.584
640	0.3318
641	0.3318
642	0.3318
643	0.3318
644	0.3318
645	0.3318
646	0.3318
647	0.3318
648	0.6551
649	0.6551
65	1.7307
650	0.6551
651	0.6566
652	0.6551
653	0.6551
654	0.6551
655	0.6551
656	0.6592
657	0.6566
658	0.3304
659	0.3304
66	1.5857
660	0.3304
661	0.3304
662	0.3304
663	0.3304
664	0.3304
665	0.3804
666	0.3804
667	0.4039
668	0.3412
669	0.475
67	1.4902
670	0.4705
671	0.3955
672	0.3955
673	1.4455
674	0.8473
675	0.3927
676	0.3941
677	1.0941
678	0.8445
679	0.3368
68	1.7982
680	0.3368
681	0.3368
682	0.3368
683	0.3368
684	0.3368
685	0.3368
686	0.3368
687	0.475
688	0.475
689	0.475
69	2.5236
690	0.3412
691	0.3412
692	0.3412
693	0.3412
694	0.3412
695	0.3412
696	0.3412
697	0.3412
698	0.3412
699	0.3412
7	7.1281
70	6.3608
700	0.3412
701	0.3412
702	0.3412
703	0.3412
704	0.3412
705	0.3412
706	0.3412
707	0.3538
708	0.3538
709	0.3757
71	3.1095
710	1.0152
711	0.3152
712	1.0152
713	0.3152
714	0.3152
715	0.3152
716	0.3152
717	0.3152
718	0.3152
719	0.3152
72	2.9061
720	0.3152
721	0.3152
722	0.3736
723	0.3152
724	0.3736
725	0.3152
726	0.3152
727	0.3152
728	0.3152
729	0.3152
73	8.1332
730	0.3152
731	0.3152
732	0.3152
733	0.3152
734	0.3152
735	0.3152
736	0.3152
737	0.3152
738	0.3152
739	0.3152
74	1.2289
740	0.3152
741	0.3152
742	0.3152
743	0.3152
744	0.3152
745	1.0152
746	0.3152
747	0.3152
748	0.3152
749	0.3152
75	0.7715
750	0.3152
751	0.6652
752	0.3152
753	0.3152
754	0.3152
755	0.3304
756	0.3304
757	0.3304
758	0.3304
759	0.3304
76	0.8024
760	0.3304
761	0.3304
762	0.3304
763	0.4809
764	0.4789
765	0.4827
766	1.0311
767	0.5177
768	0.3333
769	0.4809
77	0.4715
770	0.4809
771	0.35
772	0.3438
773	0.3438
774	0.3412
775	0.3878
776	0.3878
777	0.3412
778	0.3438
779	0.3438
78	0.5447
780	0.3438
781	0.3438
782	1.0
783	0.335
784	0.4663
785	0.4637
786	0.4637
787	0.4637
788	0.3412
789	0.3412
79	0.4567
790	0.3412
791	0.3438
792	0.3438
793	0.3438
794	0.3849
795	0.3849
796	0.3412
797	0.3412
798	0.3412
799	0.3412
8	0.4964
80	1.9288
800	0.3292
801	0.3875
802	0.4038
803	0.3733
804	0.3318
805	0.3318
806	0.3318
807	0.3318
808	0.3707
809	0.3707
81	2.1493
810	0.4911
811	0.4921
812	0.4911
813	0.4911
814	0.4911
815	0.4911
816	0.5191
817	0.5254
818	0.4867
819	0.4838
82	0.7512
820	0.4838
821	0.4838
822	14.4174
823	0.7657
824	0.3538
825	0.3412
826	0.7443
827	0.3976
828	7.8211
829	0.3933
83	0.539
830	0.3412
831	0.5139
832	0.5139
833	0.5139
834	0.5139
835	0.5139
836	0.5333
837	0.7463
838	0.4858
839	1.4221
84	0.6009
840	1.7721
841	1.0721
842	0.7143
843	0.3643
844	0.3643
845	0.3643
846	0.3643
847	0.3643
848	0.3643
849	0.3643
85	6.648
850	0.3643
851	0.3643
852	0.3643
853	0.3643
854	0.3643
855	0.3643
856	0.3643
857	0.3643
858	0.3643
859	0.3643
86	2.3804
860	0.3643
861	0.3643
862	0.3643
863	0.3643
864	0.3643
865	0.3643
866	0.3643
867	0.3643
868	0.3643
869	0.4
87	4.0526
870	0.3389
871	0.3389
872	0.3538
873	0.3538
874	0.3538
875	1.0
876	0.7404
877	0.4779
878	0.4779
879	0.4254
88	6.648
880	12.6362
881	0.3904
882	0.3904
883	0.3904
884	0.3904
885	0.3904
886	0.3904
887	1.0204
888	0.3904
889	0.3333
89	2.7505
890	1.0333
891	0.3333
892	0.475
893	0.825
894	0.475
895	0.475
896	0.4167
897	0.4167
898	0.4167
899	0.4167
9	0.4692
90	6.676
900	0.3149
901	0.3149
902	0.3149
903	0.3149
904	0.3149
905	0.3149
906	0.3149
907	0.3149
908	0.3149
909	0.3149
91	6.676
910	0.3149
911	0.3149
912	0.3149
913	0.3149
914	0.3149
915	0.3149
916	0.3149
917	0.3149
918	0.3561
919	0.3149
92	7.0422
920	0.3561
921	0.3149
922	0.3149
923	0.4899
924	0.3149
925	0.3149
926	0.3149
927	0.3149
928	0.3149
929	0.3149
93	2.7809
930	0.3149
931	0.3561
932	0.3149
933	0.3149
934	0.3149
935	0.3538
936	0.3818
937	0.3808
938	0.7523
939	0.3412
94	0.3292
940	0.3412
941	0.3412
942	0.3412
943	0.3583
944	0.3583
945	0.6712
946	0.6757
947	0.5085
948	0.5062
949	0.4624
95	0.3292
950	0.5036
951	0.5062
952	0.5414
953	0.5823
954	0.5823
955	0.5803
956	0.5951
957	1.2803
958	0.422
959	0.422
96	0.3292
960	0.37
961	0.5599
962	0.5599
963	0.7411
964	0.5574
965	0.5574
966	0.5574
967	0.5574
968	0.7167
969	0.7167
97	0.3292
970	1.3652
971	0.3636
972	0.6182
973	0.6203
974	0.6159
975	0.6159
976	0.6182
977	0.6159
978	0.6159
979	0.6819
98	0.3292
980	0.3636
981	1.9275
982	0.5278
983	0.5249
984	0.5304
985	0.7583
986	0.5249
987	0.4136
988	0.4083
989	0.35
99	0.3292
990	0.3467
991	2.2143
992	1.28
993	4.22
994	0.3467
995	1.6717
996	0.3583
997	0.3583
998	0.5154
999	0.5115
